=====================================================
         Advanced Attack Verification Log - Block-Level 
=====================================================

Leaked From Household: f45ff6bf-08c4-450d-bbf3-5597f66c68ba.csv
Leaked From Section: 8
Attack Result: FAILURE

--- Attacker's Data Block (Size: 48) ---
[31 20 0 28 0 0 0 0 0 0 0 0 23 51 33 13 30 5 9 0 20 1 0 8 33 9 26 0 0 0 0 0 0 0 5 50 5 8 37 14 9 0 34 9 1 0 1 16]

--- Source Household Data State (ID: f45ff6bf-08c4-450d-bbf3-5597f66c68ba.csv) ---

[Section 1]
  - Unencrypted Readings (103 values): [0 14 30 1 0 11 21 5 0 13 0 13 0 0 0 0 26 32 0 1 31 29 8 17 36 11 68 3 0 0 0 0 0 4 4 17 0 20 60 8 0 9 0 0 0 2 17 1 0 0 36 0 20 11 0 0 0 1 0 0 21 24 2 0 0 9 1 40 9 0 4 33 1 4 0 19 19 123 0 1 2 63 0 2 11 1 0 0 21 1 18 13 29 0 0 24 15 9 10 0 0 0 22]
  - Encrypted Readings (921 values): [0 1 0 18 24 4 14 37 0 27 0 43 8 32 3 0 20 0 18 18 0 6 20 35 0 3 4 21 0 55 0 10 11 23 7 0 3 15 0 11 11 0 14 31 8 0 12 0 0 0 12 13 0 0 0 0 17 50 0 18 0 34 3 42 0 3 9 20 19 0 14 35 0 39 0 31 1 8 26 34 1 0 8 48 27 30 1 0 11 2 8 0 1 41 0 26 0 4 31 4 13 17 8 0 55 10 0 0 9 0 0 39 0 23 19 0 21 8 5 49 17 0 0 8 0 6 0 7 20 0 0 9 17 15 6 0 3 0 21 0 0 0 13 0 0 8 8 11 0 3 1 15 27 10 0 15 31 0 0 11 0 0 10 0 10 32 0 1 0 2 17 0 7 14 19 30 0 9 0 0 23 0 1 0 70 0 3 32 12 0 20 0 74 0 0 18 0 0 0 0 19 19 20 49 51 2 0 0 28 9 0 10 0 11 0 0 1 1 0 21 26 18 44 0 0 0 20 28 0 11 0 19 29 11 1 12 3 0 26 0 6 0 0 0 33 0 0 7 0 0 9 2 0 28 0 35 0 0 1 0 33 0 33 0 64 8 7 16 39 22 0 16 3 0 4 1 0 34 0 27 0 23 0 11 1 0 10 0 18 29 20 17 13 0 2 28 22 0 3 1 0 0 32 10 0 16 30 0 7 34 0 8 9 19 38 27 6 0 66 43 1 39 0 0 2 0 0 21 20 0 28 19 0 0 26 9 0 0 17 1 23 11 17 0 0 0 75 7 0 15 9 1 37 52 0 2 0 1 0 35 0 30 28 28 0 5 31 30 12 21 12 0 44 46 2 9 0 0 0 9 1 3 6 11 18 1 0 0 2 0 31 1 8 0 0 18 17 35 0 20 11 1 0 0 0 0 0 11 14 5 0 0 11 15 5 0 0 14 25 7 6 0 0 5 9 35 0 20 90 5 0 22 0 21 0 6 11 17 15 28 0 3 35 0 24 39 28 3 0 13 2 16 1 14 0 3 9 2 1 0 3 0 0 0 0 1 0 0 24 0 1 11 0 23 21 11 1 19 19 0 12 15 17 24 7 12 20 13 0 2 2 4 0 24 10 17 0 2 0 31 21 0 6 17 42 0 32 9 0 32 0 0 12 0 0 19 77 4 1 1 15 0 13 8 39 27 6 0 2 11 5 7 0 20 0 8 0 41 5 0 16 5 2 8 58 19 0 12 4 1 0 13 9 0 9 21 0 0 1 14 0 1 0 8 14 0 47 27 21 0 23 13 0 24 14 56 1 0 9 40 5 25 23 0 1 22 0 57 110 0 12 11 0 0 19 22 0 21 0 0 9 13 0 19 0 0 0 5 0 0 0 30 27 0 9 0 46 0 12 8 1 28 0 30 0 0 34 0 37 0 0 16 28 0 8 0 0 14 15 17 0 0 11 6 76 23 0 0 82 0 9 0 0 0 1 26 0 9 2 15 5 1 26 17 18 6 39 7 6 7 0 14 5 6 18 18 0 0 0 64 0 24 0 0 39 1 0 7 9 17 0 0 0 0 0 28 2 12 69 0 22 5 2 0 0 0 0 11 0 3 15 1 0 10 9 3 24 1 10 30 0 16 0 1 26 41 24 5 0 15 9 27 0 0 0 0 0 14 0 11 0 19 0 23 27 20 36 0 21 0 0 9 0 5 0 24 26 0 1 18 0 56 10 37 23 19 0 0 1 0 3 26 24 15 1 0 0 17 0 0 0 25 12 24 0 19 0 8 33 6 24 0 0 15 9 12 0 0 21 0 30 0 15 0 37 0 1 0 26 1 26 0 22 23 0 31 14 1 9 8 5 0 16 2 27 2 15 6 0 0 5 0 0 0 12 25 6 16 0 0 0 6 6 3 11 0 36 1 16 0 0 0 2 0 50 9 0 14 7 12 1 0 33 0 0 22 0 0 0 0 10 13 0 28 0 8 9 0 13 0 14 11 0 15 1 1 18 24 1 0 35 33 2 2 32 4 0 0 16 0 36 0 8 0 21 9 0 19 0 63 4 7 14 0 1 7 0 8 0 20 20]

[Section 2]
  - Unencrypted Readings (103 values): [19 11 13 1 0 0 15 7 34 28 4 5 39 48 35 10 4 5 72 16 23 0 6 13 19 15 25 4 0 26 2 33 32 0 0 0 26 8 0 7 21 0 49 17 8 4 0 42 0 29 0 10 12 9 0 0 11 14 24 0 8 15 0 8 6 1 0 1 0 5 9 6 30 10 53 7 5 0 0 0 19 13 0 17 12 0 3 1 24 0 0 13 9 4 0 89 15 0 6 0 22 0 27]
  - Encrypted Readings (921 values): [16 0 0 40 25 0 14 1 0 4 4 15 0 0 20 0 34 12 18 17 31 0 1 0 0 9 5 14 36 11 33 6 6 24 19 8 0 0 13 20 10 10 2 31 0 0 28 26 6 9 7 37 0 17 2 4 14 11 0 0 86 0 19 26 9 1 1 16 16 0 21 24 1 0 11 32 42 18 24 8 1 0 19 26 16 0 32 0 8 17 4 0 5 25 6 21 18 25 2 9 4 0 12 11 16 20 13 9 0 0 6 48 0 30 4 4 79 13 17 12 32 41 0 25 21 7 27 21 0 0 0 21 0 22 5 10 0 10 1 26 0 10 0 19 6 0 65 19 5 5 4 6 0 8 0 11 8 12 0 9 42 0 1 1 9 25 12 6 12 15 9 0 7 0 10 0 37 23 0 20 15 31 4 12 35 0 0 9 41 15 0 32 34 38 18 2 9 6 0 30 1 15 0 15 0 28 14 18 81 0 0 8 25 0 16 35 32 74 6 12 0 29 1 0 25 0 0 32 34 67 3 0 8 12 51 0 9 0 30 43 12 27 0 16 7 8 18 38 0 1 9 1 30 0 13 0 19 30 8 17 1 39 13 5 4 15 22 23 11 4 25 21 5 2 13 0 0 0 7 13 12 0 1 0 25 4 8 13 0 49 0 0 6 78 12 0 38 26 5 15 0 0 0 10 17 4 21 6 5 31 13 1 5 39 0 0 0 0 9 8 0 16 0 23 8 0 0 1 6 0 0 12 2 26 0 2 0 0 41 0 14 5 4 0 0 0 0 0 0 29 10 32 0 27 79 0 0 1 28 6 0 27 23 5 32 14 30 0 0 0 1 0 51 6 19 4 9 26 0 7 0 50 8 15 4 46 0 15 6 9 16 38 10 9 0 9 24 0 0 1 21 31 2 0 25 29 54 42 19 8 0 28 0 4 0 3 0 1 17 0 5 20 12 30 21 1 6 26 0 21 13 9 0 15 0 28 9 7 8 11 0 0 0 9 15 6 21 20 3 6 0 0 0 19 15 5 15 20 25 13 0 1 14 0 9 37 2 8 15 4 0 3 0 0 12 7 0 13 0 0 25 0 1 18 15 1 0 13 10 26 30 12 4 0 0 0 20 24 17 24 52 7 26 0 69 0 25 0 0 6 25 0 4 0 96 5 0 27 2 4 14 0 6 0 0 18 0 18 45 0 27 21 5 0 7 0 0 23 1 17 0 22 13 0 0 25 0 4 0 28 0 0 41 6 0 21 0 0 8 4 20 22 0 0 35 27 0 0 0 0 15 30 0 16 27 8 40 9 4 12 25 0 22 0 30 0 6 30 17 6 0 0 0 0 23 0 15 88 25 46 21 32 5 0 0 8 0 1 60 10 4 4 30 97 0 0 0 22 14 27 6 4 5 0 26 3 25 0 0 27 5 39 22 15 10 26 3 10 0 20 1 0 0 10 1 0 16 0 21 13 5 42 11 0 27 11 17 36 0 0 0 0 7 5 30 0 0 33 0 0 18 0 0 8 13 0 9 13 0 0 23 0 34 0 0 1 39 7 0 8 0 6 5 20 25 0 19 10 21 27 0 0 3 0 29 16 23 0 20 0 3 17 24 17 0 26 3 16 28 21 13 3 0 18 18 0 1 0 13 4 14 7 18 21 0 20 0 0 0 4 120 10 1 24 10 0 13 5 8 11 0 6 31 0 2 0 14 20 1 21 4 14 22 5 17 0 32 42 6 0 0 0 0 0 0 0 44 57 17 36 73 0 33 0 0 0 25 22 0 57 19 8 25 0 10 0 0 0 0 0 0 0 16 10 0 24 0 12 0 6 0 7 0 18 0 0 5 0 21 9 9 4 0 0 7 6 16 4 0 4 0 0 5 0 6 6 4 5 0 0 5 66 0 2 5 11 11 7 0 2 9 7 22 10 21 0 26 14 39 0 6 28 19 47 34 0 17 0 0 0 32 0 23 12 0 13 5 0 0 51 4 6 0 25 21 8 0 0 4 15 9 10 13 16 8 0 0 4 3 0 0 43 3 18 0 1 19 22 17 31 37 0 14 6 9 0 0 34 0 0 20]

[Section 3]
  - Unencrypted Readings (103 values): [23 9 15 17 103 10 0 9 14 17 0 0 9 16 0 6 2 9 12 23 3 0 0 0 0 15 9 0 23 29 0 11 0 0 5 20 0 27 5 0 0 8 1 0 24 0 19 21 0 23 15 5 22 1 33 15 0 0 5 76 0 29 13 2 2 5 0 4 11 14 22 20 0 0 0 4 5 8 26 1 0 0 0 17 2 0 51 0 0 0 14 17 0 9 11 21 0 42 1 16 0 8 0]
  - Encrypted Readings (921 values): [0 0 5 0 26 0 0 14 1 0 0 11 1 0 0 15 16 0 21 39 17 0 6 0 24 11 1 0 0 10 0 48 0 47 26 0 0 0 8 17 5 14 13 27 4 0 0 5 0 0 18 5 2 0 4 20 11 16 0 8 0 15 0 14 28 10 14 32 0 7 33 0 23 6 28 0 0 0 1 6 9 0 10 5 25 12 3 0 1 0 4 2 25 0 4 11 0 0 11 0 10 13 0 0 19 5 9 6 0 11 1 16 0 21 0 9 17 16 0 10 18 33 0 19 34 0 1 9 25 0 17 0 20 10 10 0 14 22 12 29 4 0 0 0 0 3 6 10 15 9 21 15 0 96 11 1 8 0 25 32 0 25 5 36 26 0 13 12 26 17 1 0 5 7 19 124 0 31 0 9 0 0 0 9 0 0 0 29 10 0 4 13 10 45 0 0 11 19 31 5 7 2 0 27 0 7 6 8 9 7 21 0 0 6 6 1 38 8 4 0 1 0 0 6 5 0 17 0 20 0 1 0 4 19 0 1 1 4 0 23 7 10 0 0 15 0 19 1 1 12 0 10 0 8 0 0 33 0 9 0 4 12 13 7 19 0 12 0 1 14 9 9 0 0 0 0 1 0 13 0 0 10 15 11 2 11 13 5 0 7 0 8 17 2 10 0 30 6 15 0 2 43 30 0 7 1 0 8 23 14 8 1 0 56 28 4 0 9 31 0 2 0 0 0 7 12 6 4 0 2 10 0 11 12 0 8 2 0 21 2 0 35 0 50 13 0 26 0 24 0 4 16 9 0 0 0 35 0 8 0 7 10 0 150 0 45 6 34 34 0 26 5 0 0 11 0 0 0 9 0 0 5 0 25 0 0 5 23 0 0 24 0 0 8 45 12 0 0 78 0 10 0 3 3 1 9 0 0 19 0 0 28 6 25 0 0 9 0 23 0 0 6 0 28 0 9 7 0 50 12 0 8 0 2 107 0 15 1 6 52 1 10 72 0 8 0 0 29 8 0 0 39 9 0 13 2 25 10 12 9 24 1 120 13 0 1 12 18 0 0 5 11 4 0 12 10 21 1 0 0 13 0 29 11 8 24 15 8 4 13 19 6 0 31 30 0 8 0 2 0 21 0 15 7 0 14 3 0 1 8 5 11 26 8 0 0 0 24 2 3 10 0 10 0 2 15 12 14 6 16 10 19 22 5 25 0 0 19 27 1 0 18 22 18 0 10 0 0 10 21 8 8 0 39 0 2 15 0 9 0 9 17 9 25 0 5 9 0 7 5 12 25 6 6 10 6 19 44 16 6 10 0 14 0 25 12 18 14 0 20 19 6 10 3 5 10 0 20 0 16 18 25 9 8 35 13 23 16 5 5 74 41 8 0 13 9 9 6 9 0 0 0 15 0 63 95 0 0 8 32 35 5 18 0 8 2 35 76 0 9 10 12 8 23 12 23 4 0 0 41 0 10 117 0 26 14 0 6 2 13 0 33 0 7 44 0 0 0 34 0 2 0 0 0 3 25 20 26 55 15 22 27 6 0 10 28 32 1 0 21 1 0 0 0 8 32 0 0 10 2 15 5 0 7 0 7 0 26 49 0 12 0 32 25 3 0 0 4 0 0 12 10 2 17 1 8 28 18 18 18 1 0 6 8 0 1 20 11 35 0 0 0 2 0 0 0 8 13 0 5 0 17 7 4 0 6 21 9 10 60 12 0 20 0 29 16 0 23 10 23 9 0 0 32 20 0 0 0 22 12 13 0 0 0 0 60 1 20 1 0 14 19 0 10 28 0 22 25 0 62 20 0 20 0 3 8 50 11 0 0 61 0 0 21 0 0 0 9 11 0 0 12 16 0 13 25 6 8 5 1 4 0 0 0 0 0 0 24 0 6 5 0 0 0 0 15 13 2 0 5 0 8 19 0 16 0 8 16 0 0 0 20 0 0 25 10 0 0 8 0 33 21 6 24 7 40 16 2 8 8 0 10 5 22 9 7 0 11 8 1 14 0 0 7 0 22 5 0 33 6 11 0 2 2 26 9 6 0 8 0 0 6 8 0 11 70 9 0 40 0 5]

[Section 4]
  - Unencrypted Readings (103 values): [15 0 0 0 0 44 10 0 2 65 34 11 8 6 0 9 13 0 0 30 5 2 0 0 0 40 7 9 0 20 19 0 6 0 9 0 0 0 5 0 18 0 12 8 18 10 12 0 0 0 0 0 23 34 10 3 0 0 24 1 0 0 34 0 9 5 20 0 0 5 12 2 0 0 0 0 0 12 4 17 0 0 20 25 0 0 3 10 0 10 16 5 6 22 13 29 0 19 0 11 5 0 23]
  - Encrypted Readings (921 values): [20 0 39 0 25 0 52 0 43 0 24 0 0 5 17 0 51 13 1 7 7 6 2 0 6 0 12 5 0 7 9 19 6 11 70 0 0 14 8 0 15 0 10 1 16 0 15 0 12 6 7 12 3 0 0 5 0 18 13 10 0 10 15 0 33 41 0 25 27 23 5 7 9 0 8 11 9 13 9 0 15 9 27 17 8 6 0 7 0 16 4 0 17 0 33 0 22 108 8 64 10 40 6 28 9 0 16 0 4 1 0 0 15 0 9 25 28 6 6 0 0 19 140 1 9 0 14 10 11 7 32 0 50 9 0 0 0 0 7 20 2 35 7 0 11 0 8 5 13 0 0 0 73 8 10 14 46 8 7 0 18 1 0 3 0 0 12 0 5 14 20 10 4 0 15 26 8 6 1 6 15 0 46 0 7 0 20 26 0 0 0 0 0 8 0 0 0 8 19 0 21 9 0 0 6 116 0 0 32 0 24 0 18 0 0 16 15 13 0 0 0 18 25 26 0 40 0 0 6 0 0 26 9 11 44 90 1 0 23 27 6 0 18 0 5 0 55 6 0 1 18 0 3 0 0 8 21 0 0 0 9 0 31 31 10 0 0 0 15 8 6 8 7 8 3 0 6 0 30 0 0 0 14 30 0 4 20 7 35 9 30 0 15 33 0 0 5 37 7 16 26 25 24 9 6 0 6 5 0 86 16 9 9 0 6 6 0 0 0 77 11 0 0 37 5 0 0 0 0 0 9 16 0 0 2 0 10 14 12 9 0 0 14 9 0 6 0 12 21 9 0 0 0 11 16 0 0 36 0 12 11 22 182 0 15 24 0 22 19 0 37 67 0 9 2 0 11 12 27 11 6 25 21 41 18 17 0 0 22 0 12 0 7 7 28 22 4 0 0 26 0 0 13 16 0 0 30 36 10 10 2 0 0 0 21 2 17 0 26 0 0 0 7 0 75 0 2 0 28 0 0 13 17 0 5 0 0 0 34 7 9 21 60 13 0 13 27 16 13 15 0 0 29 19 0 18 0 6 0 6 9 9 9 16 4 0 0 4 8 2 8 5 0 9 0 20 14 0 7 2 10 0 11 7 5 0 10 1 0 0 6 42 0 1 0 1 15 10 6 0 3 8 15 0 46 0 0 24 19 32 2 31 17 2 16 0 14 0 15 0 27 20 0 0 0 0 8 0 0 8 11 14 0 0 0 10 16 5 9 13 0 13 13 0 0 17 8 0 32 2 0 25 37 0 0 1 0 0 0 0 1 0 0 0 9 29 0 1 17 36 22 0 4 0 9 23 0 15 0 39 8 14 1 0 14 13 8 31 47 0 12 0 9 6 10 2 6 57 0 8 16 5 9 0 0 5 5 5 0 0 12 0 6 22 0 0 0 0 0 12 0 9 12 6 0 9 11 0 1 8 59 0 0 0 0 0 19 0 6 15 6 0 1 0 9 0 5 15 17 0 8 7 35 0 0 11 20 1 10 0 0 43 0 19 0 0 1 14 0 33 7 9 1 0 0 47 7 0 8 0 3 0 6 34 6 12 9 0 78 15 17 3 11 5 35 0 16 29 7 0 8 0 0 5 8 21 32 7 1 15 0 5 0 0 15 34 0 27 46 15 21 21 10 0 0 6 0 0 0 0 5 4 56 13 8 11 0 0 0 8 0 0 12 7 8 6 9 6 46 47 8 10 1 0 0 3 15 1 0 0 0 0 18 5 0 8 10 7 37 21 42 0 25 3 35 31 3 0 6 2 16 0 64 0 8 0 11 23 0 10 14 0 0 21 5 36 6 0 0 84 12 4 0 33 0 0 0 21 92 0 1 26 33 8 2 0 1 0 10 9 22 9 0 0 8 32 50 9 15 5 6 1 8 36 9 0 22 0 30 0 1 23 47 0 25 57 0 12 31 0 0 5 18 0 19 46 0 35 17 1 15 9 4 2 8 33 37 23 6 48 49 0 13 34 6 0 11 15 0 44 0 11 8 6 2 5 0 0 5 34 0 0 13 0 20 16 6 0 0 0 0 0 0 0 0 20 8 3 13 0 32 26 0 9 0 0 19 64 6 82 11]

[Section 5]
  - Unencrypted Readings (103 values): [11 12 0 1 0 46 12 0 11 0 0 4 0 6 24 26 0 0 27 0 0 11 6 5 0 13 13 50 30 0 0 0 6 5 15 11 12 6 5 0 0 6 22 1 2 3 23 11 0 78 8 1 2 5 29 29 24 5 5 75 0 0 1 0 0 34 10 6 7 1 0 0 29 0 14 1 2 3 0 11 0 0 0 11 0 13 14 9 28 16 0 0 15 9 0 5 15 0 5 0 14 10 0]
  - Encrypted Readings (921 values): [3 24 13 0 0 0 18 0 0 0 7 15 0 0 1 7 10 25 5 0 18 10 11 0 0 8 25 2 0 0 0 0 37 0 0 0 0 0 2 12 1 0 0 0 0 10 6 0 0 19 0 1 6 0 12 8 9 17 21 16 0 6 9 11 2 26 0 0 0 12 1 0 0 3 0 6 12 1 17 16 6 3 0 6 2 8 24 4 26 16 5 11 13 0 0 6 4 0 8 0 7 4 0 23 27 20 0 0 1 0 62 6 0 0 0 2 0 1 9 0 1 3 7 1 0 0 11 1 0 5 0 0 2 5 5 0 0 9 13 0 4 0 0 6 36 0 0 15 18 10 9 0 4 0 0 8 47 9 0 1 0 0 13 0 6 5 20 14 14 6 22 0 0 1 12 5 0 24 61 21 0 2 0 0 0 0 0 1 6 0 0 1 0 16 0 10 29 9 15 8 2 20 14 0 0 0 14 0 0 29 0 5 0 8 0 7 0 0 27 8 0 40 0 11 1 7 0 0 4 12 1 0 73 11 10 3 0 13 0 4 0 9 9 22 3 5 4 13 25 6 0 66 0 10 15 0 0 14 0 10 0 5 0 22 23 4 14 16 14 51 0 21 8 5 0 0 0 20 9 7 0 18 23 0 34 0 0 41 11 25 6 8 10 12 17 0 0 13 8 11 0 0 1 12 0 23 11 10 18 0 6 6 6 25 6 0 18 22 0 3 0 0 3 13 23 17 11 0 0 28 0 36 1 6 0 14 21 10 0 5 10 51 6 0 0 2 0 5 4 0 0 9 0 0 0 0 9 12 13 15 0 0 3 0 13 0 19 2 0 0 0 0 0 24 16 4 0 1 0 27 18 36 0 0 21 4 0 0 71 39 7 32 18 0 4 6 0 97 5 6 0 5 6 39 6 5 34 6 0 2 7 21 0 44 0 18 3 0 14 9 1 0 9 20 12 13 5 4 0 0 25 0 0 9 5 15 11 49 0 0 0 14 30 12 0 22 0 9 0 19 0 51 19 12 0 20 1 0 11 1 9 0 23 16 0 24 19 0 0 4 1 40 7 6 0 7 15 11 1 14 4 12 0 0 0 0 20 3 0 9 6 0 12 0 0 10 5 7 7 8 47 27 8 1 9 10 0 15 34 0 2 0 0 28 0 32 5 25 9 1 0 22 1 0 8 6 52 0 15 0 11 13 20 15 33 0 0 22 9 0 52 14 0 0 37 15 10 0 18 36 6 0 8 3 41 2 8 0 2 20 4 0 9 0 28 9 0 42 28 38 0 6 0 18 0 20 0 0 0 0 7 0 0 42 9 0 30 3 3 2 20 0 0 0 38 0 30 40 3 0 12 26 4 0 0 0 0 6 6 14 0 8 25 4 14 12 4 20 1 16 7 24 18 0 9 0 0 0 0 0 17 0 1 0 5 11 6 4 31 20 0 0 15 0 0 21 0 0 22 5 24 0 0 3 10 0 6 1 6 33 0 5 0 14 0 16 0 6 11 24 11 14 42 11 0 0 2 7 3 0 17 11 0 12 11 0 13 0 13 6 1 16 0 6 0 0 3 0 3 0 18 1 2 5 40 0 16 10 16 7 21 0 0 8 24 8 39 87 0 0 0 0 22 0 0 0 0 12 50 15 2 6 24 5 0 0 0 0 8 0 7 0 0 28 0 0 0 0 0 0 17 10 0 18 81 0 0 8 11 0 20 0 9 16 22 0 45 0 18 0 29 0 10 0 0 6 0 0 2 0 25 3 9 0 18 0 0 0 0 0 0 0 2 0 0 44 0 26 6 11 0 14 14 23 11 5 0 0 0 13 0 1 0 0 0 6 38 70 17 0 0 44 0 9 41 3 8 9 0 0 0 0 9 22 21 0 0 0 0 6 0 21 0 2 7 0 0 0 26 25 14 14 38 0 9 0 29 10 5 0 19 21 19 18 14 25 0 36 0 2 23 120 7 29 8 24 0 0 5 55 0 3 0 0 1 4 0 0 0 6 8 2 0 0 13 25 0 0 14 0 0 37 20 0 36 10 5 6 40 0 16 33 12 5 2 0 3 13 2 15 0]

[Section 6]
  - Unencrypted Readings (103 values): [7 0 0 0 0 0 7 0 9 14 1 0 25 11 7 15 11 2 3 9 15 21 5 65 0 7 1 0 15 14 0 0 10 5 16 0 0 0 26 5 0 8 0 3 0 6 11 0 0 0 6 0 4 12 0 5 25 1 10 0 0 0 0 0 12 2 2 1 25 0 0 2 2 0 35 0 11 22 0 0 0 2 1 0 11 11 16 9 0 22 19 3 21 6 0 19 29 38 19 0 0 15 12]
  - Encrypted Readings (921 values): [8 2 0 15 6 0 17 6 25 37 0 6 0 9 9 0 0 20 0 44 0 0 67 5 0 0 20 28 9 57 31 17 33 0 0 43 1 8 6 5 5 0 0 17 0 2 1 16 0 13 0 36 2 0 7 25 10 4 0 32 1 6 5 3 0 22 6 17 0 5 17 7 39 0 5 0 18 0 19 14 9 0 0 15 0 0 5 6 6 0 1 6 6 0 33 0 11 0 0 2 0 35 18 11 1 11 109 0 21 1 0 11 14 2 12 8 21 25 0 0 0 0 0 1 4 5 0 33 0 0 0 13 4 43 90 10 0 10 14 36 27 0 0 8 0 26 18 0 6 10 0 0 4 17 14 0 0 0 21 0 5 0 0 6 0 14 0 0 4 50 0 5 0 19 0 13 0 0 21 5 0 0 0 24 26 26 0 20 11 21 25 0 16 6 21 0 0 7 2 0 0 0 0 0 6 0 0 0 0 9 15 0 9 7 0 0 23 0 0 1 12 0 0 2 2 1 11 3 4 0 0 22 0 36 42 0 0 11 8 0 0 0 8 14 3 0 17 0 19 14 0 5 0 2 11 6 18 0 0 35 28 10 0 0 0 18 13 0 8 27 0 1 0 0 19 0 9 0 0 0 19 33 0 9 0 77 30 18 4 0 0 29 3 16 0 1 8 26 0 9 0 0 5 0 15 0 0 26 11 48 0 1 4 54 7 20 0 8 0 0 1 6 8 19 1 18 9 19 0 4 7 26 63 6 37 0 3 0 0 10 8 1 0 48 0 0 68 0 23 7 13 0 12 10 2 30 14 0 0 0 10 7 29 2 0 18 0 31 0 33 28 0 26 16 19 6 16 0 0 55 0 5 14 0 1 0 0 40 0 5 0 13 11 0 10 0 17 2 14 7 0 27 28 22 0 7 9 0 103 12 18 1 90 6 0 14 13 36 0 14 2 11 29 4 1 34 12 0 0 0 0 0 0 6 0 32 0 0 6 0 20 0 21 0 0 12 24 7 0 10 0 0 28 0 0 0 0 26 0 0 0 0 0 14 0 0 0 0 8 13 0 0 6 0 10 0 30 0 12 41 42 20 110 1 0 0 0 0 8 16 0 0 35 1 0 31 0 15 19 1 21 2 0 0 13 13 11 6 1 0 49 33 3 22 11 0 0 0 37 0 19 15 23 28 12 23 9 18 6 0 0 8 18 0 0 0 0 63 6 11 17 0 0 22 0 0 17 8 19 6 9 11 42 1 12 13 5 0 0 20 7 38 5 9 18 18 0 0 0 23 9 1 57 0 9 0 2 17 0 16 28 27 28 17 0 0 10 0 0 6 25 0 0 18 34 80 7 8 0 15 0 14 29 0 5 19 27 0 38 29 10 0 0 4 13 8 9 0 7 22 0 0 10 0 0 16 5 7 9 6 4 0 7 11 1 10 6 0 0 20 2 0 33 0 4 6 0 19 0 14 0 8 13 10 11 0 0 0 0 11 0 0 0 0 14 0 30 0 9 42 7 0 0 0 0 0 35 0 42 0 0 3 5 5 0 5 0 0 37 1 7 28 39 25 1 0 0 0 1 5 17 0 35 9 2 0 33 0 13 0 0 27 13 65 8 26 0 0 4 16 30 0 0 0 0 24 5 24 38 16 9 0 0 24 5 0 45 2 0 16 5 9 26 0 15 6 20 19 19 10 0 0 0 15 0 4 9 0 0 19 0 0 6 0 0 29 0 47 11 0 0 31 0 0 0 8 5 0 1 18 1 6 0 0 0 0 8 0 17 9 62 6 0 0 8 0 0 23 4 0 0 0 7 1 31 15 13 0 39 6 0 24 0 0 18 2 26 10 6 6 15 37 12 3 34 0 0 0 12 0 6 14 0 18 22 0 10 10 0 38 0 6 0 13 0 4 13 18 21 5 5 19 0 22 21 7 0 27 0 19 0 0 18 0 16 23 0 0 14 2 1 0 0 13 0 0 102 19 12 0 5 0 16 6 0 7 18 0 2 0 0 0 0 10 0 0 2 0 0 3 0 0 0 19 0 10 9 0 0 2 9 20 9 8 13 0 0 0 6 0 0]

[Section 7]
  - Unencrypted Readings (103 values): [32 37 1 0 0 18 0 49 1 0 24 0 21 0 13 4 25 45 22 0 0 11 12 0 20 8 25 0 24 0 29 0 47 11 0 0 20 5 17 0 9 18 21 0 0 37 0 0 0 17 0 1 39 0 0 15 0 0 15 17 7 0 0 8 18 37 22 0 6 29 0 0 18 31 0 6 0 0 20 0 54 4 0 0 0 8 15 5 5 0 0 5 83 5 3 0 0 0 4 0 21 5 0]
  - Encrypted Readings (921 values): [19 0 4 26 0 0 0 0 0 0 26 0 28 0 0 29 0 0 23 44 1 16 1 38 0 18 31 4 15 0 0 0 0 46 3 0 52 4 35 77 5 20 2 4 14 23 2 11 8 10 20 0 33 7 41 0 0 0 0 0 0 21 19 0 1 0 0 11 0 0 31 14 34 22 6 33 0 10 0 0 11 9 26 0 0 0 30 2 10 21 9 23 0 9 0 3 8 2 54 7 26 8 2 19 0 10 4 6 0 30 0 12 30 7 20 0 0 0 12 40 5 9 25 6 5 10 0 38 0 0 0 21 43 24 0 6 0 18 0 0 2 4 29 0 0 0 0 0 12 10 24 21 0 0 6 0 0 27 0 18 35 12 0 0 0 0 0 0 53 18 0 44 37 0 13 0 27 0 19 15 85 43 0 9 8 0 0 16 0 20 0 0 4 17 0 0 0 0 40 0 5 0 0 0 28 26 0 0 42 0 0 7 0 9 0 8 35 9 0 45 0 0 0 14 36 0 1 6 0 19 1 29 0 70 6 0 13 0 33 6 0 16 0 0 50 41 38 30 0 0 9 0 4 0 8 0 0 14 0 11 0 2 0 0 0 18 13 11 53 19 29 0 14 36 4 12 0 0 10 28 0 0 1 0 0 68 0 0 32 0 6 0 0 5 27 5 16 19 34 0 0 9 1 32 0 0 9 7 1 8 54 0 20 16 5 13 10 1 16 0 0 0 0 25 0 1 17 0 0 36 13 4 28 61 27 14 0 28 0 0 0 69 6 13 33 19 23 0 9 0 1 6 34 17 0 14 17 7 4 0 0 12 0 7 0 5 6 0 1 11 0 23 2 0 0 46 11 5 0 23 21 0 0 97 13 17 6 81 0 0 0 52 34 21 22 8 1 39 0 0 0 0 20 25 3 5 5 5 24 52 0 0 11 29 12 0 14 0 0 0 15 11 34 0 21 0 0 17 0 0 0 16 31 0 27 0 7 4 10 0 0 35 64 6 0 0 1 15 8 0 30 25 0 26 4 19 0 6 0 0 0 6 18 23 0 7 0 10 25 8 35 17 0 21 11 0 1 0 0 10 75 51 15 11 4 0 0 20 60 0 8 37 2 13 11 0 6 25 17 0 25 0 16 25 10 0 5 0 20 6 11 0 15 10 10 0 15 34 8 8 6 4 18 7 13 46 7 0 0 6 5 39 0 9 35 18 18 8 24 40 0 21 0 0 18 0 7 0 0 0 18 28 28 46 0 9 0 1 28 0 0 0 13 16 0 17 0 6 2 6 19 0 0 0 0 62 8 4 34 29 0 5 0 0 17 0 4 24 0 0 19 0 16 34 0 33 0 3 5 9 8 12 0 0 33 8 0 5 8 20 48 17 6 39 9 34 34 0 5 51 8 0 0 0 40 6 5 50 47 0 0 6 18 14 9 16 0 0 0 0 22 7 26 0 1 18 4 6 0 37 0 0 0 23 15 6 0 0 0 30 16 0 26 26 31 10 50 15 22 0 10 0 19 0 15 0 22 11 0 5 24 1 43 45 8 0 0 7 0 8 22 0 13 0 41 0 6 10 11 0 0 20 13 0 6 0 0 15 38 0 0 0 0 5 6 5 0 17 0 24 18 0 0 6 3 22 0 0 40 24 39 18 0 9 97 29 1 0 46 15 0 0 0 6 6 0 0 0 8 16 21 0 29 0 0 0 1 0 0 43 36 0 0 0 70 13 0 0 15 0 0 0 0 15 0 11 11 0 9 22 31 9 12 0 43 0 27 18 0 0 4 0 31 67 17 20 16 24 0 16 0 0 24 16 6 8 0 6 0 0 7 22 0 0 0 55 4 9 63 22 0 17 49 3 0 3 0 15 0 0 8 0 12 0 6 0 2 0 3 0 41 0 25 16 10 0 33 0 29 1 12 0 2 5 42 57 45 12 34 0 0 12 37 0 21 8 2 55 5 32 0 0 4 6 0 0 0 14 14 1 27 0 16 29 0 0 6 14 0 10 8 27 15 0 8 0 0 15 0 0 0 17 5 10 23 0 5 9 0 0 14 0 0 0 56 22 0 0 0 0 46]

[Section 8]
  - Unencrypted Readings (103 values): [0 23 0 0 36 0 1 0 96 1 0 67 0 19 0 85 23 0 4 45 10 0 0 0 0 19 47 6 12 11 31 41 0 34 15 2 0 4 39 10 27 19 0 4 28 34 0 17 38 17 0 0 4 32 0 8 29 0 16 0 50 9 38 5 20 13 10 2 0 0 0 23 50 6 0 0 15 6 29 0 0 38 0 0 30 18 0 6 23 7 0 0 0 0 75 0 23 0 0 0 5 72 3]
  - Encrypted Readings (921 values): [0 15 0 0 0 35 0 0 7 13 103 0 6 47 39 0 24 24 0 22 0 14 12 0 0 24 23 0 0 36 1 5 49 0 14 13 0 0 0 17 0 23 40 0 0 0 26 1 1 11 31 5 0 0 25 0 0 0 0 0 41 3 11 0 5 11 0 33 34 6 27 0 5 40 38 0 0 0 29 0 35 0 0 0 17 0 8 46 0 0 37 5 0 9 0 6 8 21 0 9 28 17 32 68 0 0 0 5 0 18 0 0 26 0 35 56 0 6 19 0 0 13 16 6 0 0 0 5 33 20 1 0 5 6 41 0 31 0 15 0 18 0 2 4 0 0 9 0 0 0 0 0 31 27 13 11 0 5 20 20 0 1 42 18 0 33 0 9 0 0 18 16 2 19 0 35 37 71 8 14 33 0 0 0 7 0 10 0 0 14 0 51 23 45 21 0 31 27 6 0 0 5 22 2 20 0 9 53 0 0 5 25 26 0 24 0 0 0 8 16 40 15 11 3 0 34 0 0 21 51 0 49 5 0 0 18 11 2 1 12 0 0 0 0 0 9 0 0 0 0 0 0 27 9 47 0 0 29 0 5 0 47 44 14 41 30 31 12 0 0 51 0 63 5 0 33 10 7 5 6 12 0 7 13 8 5 0 0 1 0 8 0 0 12 0 8 50 39 45 0 5 0 0 0 10 0 36 0 43 11 0 0 19 3 17 13 0 26 0 3 35 0 36 39 0 5 10 0 20 0 37 15 37 0 23 27 6 0 0 39 0 0 0 32 0 0 8 10 26 34 20 0 32 0 29 18 23 9 1 5 0 0 0 0 26 0 0 0 0 5 0 51 13 0 0 23 0 13 0 0 41 16 0 3 3 11 42 13 9 17 1 42 0 4 0 50 9 0 0 0 0 22 17 13 0 14 5 9 26 1 5 0 0 0 0 1 1 0 32 0 29 25 56 3 0 1 0 0 0 0 6 11 0 0 0 0 0 12 8 23 27 27 0 29 22 1 9 0 28 35 0 3 14 0 0 0 44 9 8 1 11 33 0 8 0 8 0 0 0 38 0 0 0 40 0 0 14 53 15 0 0 0 12 0 11 17 0 37 0 2 0 0 11 36 0 0 5 53 0 8 8 27 55 0 0 24 7 0 0 33 0 0 35 37 5 5 25 10 12 36 87 0 0 0 41 39 28 0 24 5 1 13 0 16 0 30 2 15 14 38 0 7 0 50 1 0 34 0 8 18 10 0 25 45 9 0 0 22 0 13 5 20 4 1 15 0 8 0 0 0 12 14 37 21 0 28 0 17 23 39 0 10 12 31 20 41 2 0 24 0 0 0 37 0 0 37 39 0 34 36 23 0 4 4 19 30 0 0 6 17 4 0 7 23 17 20 0 0 9 17 23 0 31 25 1 11 9 0 33 0 25 0 0 10 25 0 32 34 0 4 6 0 30 30 46 12 19 18 16 0 0 0 4 14 0 4 11 0 67 0 0 11 0 17 0 0 11 0 5 21 0 0 0 50 0 20 0 4 47 28 0 5 0 5 0 0 48 0 66 0 0 5 0 20 30 9 4 64 0 31 0 0 0 5 24 3 35 9 17 19 0 1 9 0 0 0 8 5 34 0 0 0 0 0 0 31 1 3 0 1 0 0 25 15 0 8 0 79 0 18 0 12 29 0 9 17 0 30 0 0 0 3 0 95 5 18 54 0 0 0 0 17 0 0 0 8 8 0 13 8 37 107 0 0 27 0 0 54 0 25 29 0 0 14 1 0 0 1 28 8 0 0 29 0 72 0 19 0 0 0 0 3 16 0 6 0 9 0 51 0 0 15 5 21 15 0 7 0 0 8 0 0 0 1 36 40 30 0 10 28 56 26 0 5 7 49 0 0 0 10 2 73 39 0 0 81 35 15 0 29 0 2 5 3 0 22 9 82 27 0 0 39 2 0 0 0 17 6 5 0 27 38 6 32 0 0 3 0 5 17 36 0 0 19 21 48 2 0 49 6 45 0 15 0 4 0 0 52 21 36 42 19 0 59 0 0 11 0 0 22 0 40 0 0 0 26 0 33 0 8 1]

[Section 9]
  - Unencrypted Readings (103 values): [15 37 16 0 0 0 0 13 53 6 0 1 29 5 31 47 0 11 0 0 15 0 26 12 33 0 24 20 23 6 0 1 1 24 16 30 0 0 0 4 0 0 0 40 0 4 4 4 0 0 24 6 1 0 0 3 0 14 0 0 0 0 3 0 6 25 0 25 31 4 0 0 0 5 6 10 0 7 0 17 24 0 0 4 0 0 0 10 0 0 0 19 31 5 0 34 0 6 5 3 0 5 0]
  - Encrypted Readings (921 values): [33 0 16 34 28 0 0 0 0 0 14 0 5 7 5 12 27 17 0 4 0 0 0 0 7 16 0 5 0 6 55 10 27 31 36 0 25 27 0 10 15 10 22 0 25 88 0 31 51 0 1 0 44 0 41 9 10 0 28 1 29 0 0 9 0 5 10 0 12 17 32 0 0 25 18 2 4 33 15 7 6 28 0 14 10 32 0 69 22 0 25 0 17 9 10 26 0 0 0 0 6 1 0 0 0 23 0 53 0 7 28 6 0 20 0 0 0 1 28 0 9 0 0 16 16 42 4 0 3 0 0 5 22 0 0 6 19 9 6 10 9 0 22 0 12 8 23 0 5 0 0 26 0 10 0 16 39 0 98 0 4 0 0 4 0 28 0 25 0 6 17 5 0 7 35 0 15 65 10 0 0 23 21 0 5 1 0 0 20 0 1 2 7 4 0 0 0 0 5 28 0 7 0 17 8 7 5 56 0 11 0 0 1 6 0 0 0 17 8 0 9 11 0 14 6 4 30 6 0 9 0 0 0 0 0 25 52 25 4 21 96 5 40 14 0 40 30 0 16 0 0 0 39 14 17 42 28 0 0 0 0 14 36 33 8 0 0 0 23 9 8 10 9 24 0 5 6 0 12 28 0 9 0 0 0 0 6 41 13 0 0 6 0 4 0 28 4 14 0 6 53 1 13 0 18 0 6 12 0 8 0 75 26 26 31 16 0 30 95 18 0 0 3 11 0 0 0 24 0 0 0 10 0 0 35 0 11 0 0 9 25 0 1 36 0 0 0 8 0 9 36 50 0 1 0 8 0 26 1 0 45 6 0 0 5 0 0 1 0 19 6 10 12 12 31 0 0 2 0 20 0 11 0 19 1 59 0 9 9 0 0 5 15 50 5 0 0 1 18 1 50 0 8 6 22 8 0 4 14 0 5 72 0 0 9 62 5 5 0 7 0 0 11 0 0 0 0 0 27 0 13 0 26 0 0 3 7 0 0 2 27 0 31 13 14 6 8 25 14 22 2 0 24 7 2 30 24 0 40 0 13 40 30 4 0 12 0 13 30 6 0 0 0 0 0 8 25 14 14 0 0 0 0 8 0 26 20 0 0 7 25 0 0 11 19 24 15 38 14 7 0 37 0 39 239 0 7 0 0 0 12 0 0 17 7 4 57 12 0 13 0 0 26 0 1 0 35 0 26 0 40 2 3 0 14 1 7 4 10 4 36 39 19 1 16 22 91 0 11 0 17 10 8 39 0 0 0 78 42 0 2 9 13 27 0 25 0 40 20 9 9 31 0 15 0 8 20 20 0 0 13 12 1 0 0 15 0 27 0 0 0 28 0 7 11 1 0 9 66 0 2 15 0 1 0 4 1 0 1 0 26 26 5 1 5 8 0 0 18 6 7 0 8 5 0 0 0 15 2 0 0 0 0 5 24 0 9 0 18 0 7 0 1 4 0 9 17 17 0 25 10 0 0 13 0 0 0 14 18 24 35 39 19 8 0 11 8 0 46 16 1 42 12 22 0 0 0 0 10 0 0 5 17 0 0 12 8 0 22 0 25 9 99 0 1 0 1 10 18 0 0 0 0 19 0 3 106 0 0 12 5 5 0 10 35 0 12 34 0 21 104 23 0 61 17 9 0 26 0 0 0 0 0 4 51 10 40 32 0 0 17 0 0 31 0 0 9 0 0 4 0 2 8 0 28 29 0 39 4 75 7 0 4 0 17 13 0 30 17 19 0 15 0 14 8 0 57 17 0 20 22 0 17 0 18 43 4 24 19 36 0 26 6 44 7 39 28 0 0 0 6 0 11 35 1 0 1 16 5 0 22 0 0 0 18 9 0 0 17 0 0 5 14 29 14 0 33 1 0 0 21 0 27 20 0 1 7 24 10 3 8 9 13 0 27 35 0 0 34 19 9 0 12 30 0 24 0 27 1 0 5 45 8 11 0 0 0 0 0 0 9 0 17 30 39 0 53 37 25 12 24 22 11 1 6 11 17 0 0 15 10 15 34 16 26 0 26 0 1 0 3 3 11 8 31 13 0 5 0 0 0 10 35 0 41 3 12 11 0 0 1]

[Section 10]
  - Unencrypted Readings (103 values): [6 0 28 0 0 0 0 6 13 11 0 1 1 13 12 42 4 0 15 14 4 0 0 13 0 0 0 0 15 20 0 0 10 9 0 2 0 1 0 11 34 4 0 0 17 8 24 20 0 0 0 0 1 33 3 17 7 0 0 21 0 23 4 18 2 0 29 0 3 0 13 0 30 12 7 1 19 0 0 0 49 0 5 4 0 19 1 37 29 7 2 0 7 0 5 0 9 4 23 22 4 16 0]
  - Encrypted Readings (921 values): [14 5 0 0 81 0 0 0 7 15 4 0 0 0 24 5 5 25 0 24 0 0 12 1 0 0 26 19 22 3 4 0 0 19 0 8 25 12 10 10 8 0 0 10 0 0 6 0 8 8 27 0 0 14 4 39 6 0 0 0 7 12 0 24 0 5 0 0 30 2 0 2 0 6 16 36 66 1 2 25 17 33 7 0 40 22 28 9 0 9 4 0 0 0 8 32 12 14 26 5 19 1 7 32 0 4 1 0 0 0 0 50 18 0 14 0 8 36 22 0 28 0 10 8 22 28 19 9 19 0 0 0 24 36 0 39 6 0 5 25 39 0 0 12 6 23 6 18 8 8 6 0 2 7 27 0 17 1 8 11 10 0 0 16 0 6 0 0 33 0 0 7 25 33 14 1 23 0 0 0 6 0 0 10 0 0 4 5 0 108 0 5 4 0 0 7 90 1 0 0 0 21 8 0 0 0 0 6 24 0 6 0 13 28 10 1 12 0 1 12 6 15 10 25 39 0 0 0 0 2 6 6 0 0 0 0 8 0 7 1 10 0 0 16 24 0 0 0 0 0 0 10 29 79 11 17 0 11 0 31 8 4 19 0 53 0 0 0 0 6 28 0 24 0 0 0 24 14 2 0 0 0 28 0 4 21 28 0 10 9 21 0 2 0 4 36 0 0 5 0 0 0 17 5 13 0 18 6 0 0 7 2 6 7 0 0 9 1 6 33 27 24 0 0 0 0 0 0 42 7 0 0 23 0 35 21 0 30 0 35 1 0 8 10 4 19 0 0 1 0 0 15 0 3 0 5 0 0 0 0 1 11 0 0 1 41 12 0 2 39 0 0 0 0 13 7 6 1 31 38 0 45 5 27 6 6 6 9 0 8 0 0 1 21 22 18 13 6 1 4 0 7 6 0 1 6 8 13 0 14 1 0 22 22 0 6 12 14 22 8 0 0 8 28 0 0 10 0 0 2 0 0 10 0 0 25 0 11 0 22 29 0 0 15 0 0 19 0 14 43 0 29 18 7 34 12 5 12 13 0 12 0 0 0 0 0 0 7 8 0 0 0 12 0 8 0 56 6 0 0 13 5 0 4 23 0 2 7 22 0 1 6 0 20 1 0 0 0 45 5 15 7 0 0 0 0 21 0 1 2 0 0 23 0 0 0 9 9 9 0 5 10 3 1 6 0 0 31 2 0 7 10 43 0 0 0 6 10 22 0 16 22 6 0 10 7 1 7 21 0 27 44 7 21 25 5 19 39 0 0 4 0 0 23 0 6 2 0 0 7 0 0 0 0 0 0 0 0 0 1 9 0 0 0 1 26 4 12 8 0 0 0 0 1 0 0 13 24 9 0 0 14 1 4 7 0 8 36 0 10 7 0 6 13 7 34 44 25 40 0 0 10 0 0 1 27 6 7 25 6 0 123 18 0 0 20 14 14 0 27 9 2 0 0 26 7 5 5 12 6 2 23 15 5 41 1 25 5 0 10 26 22 0 23 0 6 2 55 9 4 3 0 3 0 10 17 95 9 0 8 0 0 1 0 8 0 6 2 0 0 9 0 15 4 0 0 12 33 0 10 31 27 1 95 0 0 21 0 6 11 40 0 6 0 25 28 25 0 16 0 0 0 0 17 12 4 27 0 7 0 5 0 34 15 0 12 3 0 5 16 3 6 6 1 13 0 1 0 5 5 12 0 5 12 16 0 0 0 6 30 0 3 5 37 9 6 22 47 0 0 0 23 0 0 10 0 37 3 24 0 1 0 0 39 0 83 0 21 0 1 0 11 24 23 0 10 32 0 4 52 31 6 0 0 17 25 9 0 52 2 25 0 5 14 0 27 0 42 18 0 19 5 0 8 1 12 0 9 8 31 3 12 7 25 0 4 0 0 0 12 1 0 29 8 5 22 21 36 0 11 0 4 15 2 55 9 0 20 7 0 8 0 0 16 38 4 0 6 18 0 5 0 32 14 49 10 4 0 0 0 5 2 0 8 0 0 0 0 11 14 18 19 6 13 0 24 0 6 14 15 0 0 0 26 0 0 11 0 3 2 13 7 0 13 20 1 0 5 21 0 0]

