=====================================================
         Advanced Attack Verification Log - Block-Level 
=====================================================

Leaked From Household: e158012f-5c69-4a20-9a41-f7acde0e0ddd.csv
Leaked From Section: 2
Attack Result: SUCCESS

--- Attacker's Data Block (Size: 48) ---
[73 36 141 61 38 14 22 14 15 40 27 10 28 12 0 6 0 0 0 0 0 0 15 72 31 74 13 11 6 0 17 0 7 18 13 122 60 36 6 0 7 0 0 0 0 0 37 47]

--- Source Household Data State (ID: e158012f-5c69-4a20-9a41-f7acde0e0ddd.csv) ---

[Section 1]
  - Unencrypted Readings (717 values): [31 22 0 0 23 29 24 43 48 17 0 0 0 0 0 23 48 32 146 6 68 27 45 4 38 7 0 67 39 6 14 7 98 1 40 61 6 0 0 7 41 102 118 5 0 0 5 24 11 15 14 0 0 0 58 49 15 33 45 0 0 8 19 10 26 4 0 0 0 37 27 10 0 8 0 0 2 56 102 27 0 0 0 0 0 0 30 44 0 0 0 0 12 42 36 44 15 15 11 7 0 0 0 0 20 173 43 62 21 0 0 82 46 11 23 2 11 8 0 0 0 0 0 30 79 101 50 224 48 95 0 5 0 14 9 20 12 41 0 6 0 0 0 9 15 31 64 12 0 0 0 0 4 75 9 0 0 0 0 46 50 70 123 0 0 6 0 10 12 8 43 47 3 4 0 0 0 65 2 0 0 12 82 50 100 0 15 13 0 0 1 0 10 1 0 0 0 0 0 0 0 0 0 9 11 14 37 12 0 0 0 18 80 0 0 0 26 14 60 16 21 10 0 0 0 0 0 0 0 14 89 53 0 8 4 12 32 13 12 36 4 0 0 0 0 6 0 17 9 13 16 18 166 45 6 0 0 0 0 2 26 56 83 7 17 20 100 0 0 21 0 0 0 0 1 26 17 90 6 55 48 48 6 12 0 0 0 0 17 108 45 22 71 13 11 8 24 11 7 0 0 0 0 0 1 9 41 15 106 58 0 8 17 9 39 41 85 0 0 0 0 0 6 138 38 4 24 8 2 27 21 29 0 0 0 0 0 18 91 191 53 11 7 2 33 0 0 63 31 6 12 0 0 0 0 8 40 34 114 55 94 25 5 28 6 31 21 152 87 11 0 0 0 0 0 87 64 3 0 1 10 78 8 27 8 8 0 0 0 6 0 14 33 0 0 0 0 6 2 3 13 74 9 6 0 0 0 0 0 1 40 0 30 78 32 0 4 20 7 1 10 0 0 0 25 101 26 0 45 27 12 0 0 0 0 0 0 0 9 82 6 52 34 13 13 11 0 0 0 24 25 7 0 0 0 0 18 66 14 51 4 10 95 52 74 43 12 0 0 0 0 4 22 87 86 0 39 0 23 23 10 0 0 0 5 112 37 50 8 24 41 39 46 64 8 0 0 0 0 0 8 87 55 129 35 8 0 61 7 9 18 56 6 9 0 0 0 38 35 162 128 104 31 26 7 0 0 19 25 85 141 83 10 61 0 71 0 10 0 29 20 0 6 7 0 9 0 0 0 0 0 0 0 10 0 0 0 0 0 0 0 16 34 65 9 5 14 0 0 0 0 77 24 86 28 6 51 123 13 26 7 0 0 0 0 0 0 0 53 88 39 25 0 18 0 7 2 23 0 6 0 0 51 34 139 72 10 0 0 27 42 18 24 13 6 30 5 6 0 0 0 0 1 67 27 55 5 21 8 0 42 45 84 5 0 0 0 0 5 55 62 106 2 94 80 72 7 6 0 0 0 0 39 40 97 10 12 0 0 8 5 0 14 0 0 0 0 11 34 42 14 18 12 65 0 1 0 7 25 21 7 0 0 0 0 0 0 2 25 96 33 60 0 23 0 27 52 64 0 4 0 0 0 0 0 55 8 83 38 35 0 6 5 22 6 10 0]
  - Encrypted Readings (307 values): [0 26 57 0 0 12 14 56 13 8 11 0 79 4 21 0 1 47 36 31 5 9 6 0 0 7 15 0 0 77 8 0 17 0 29 7 0 61 0 0 0 13 6 0 0 184 8 91 19 35 15 43 21 19 151 9 39 11 0 20 46 78 0 61 103 0 0 20 0 0 8 21 28 90 12 0 14 0 5 5 7 45 28 0 74 97 61 2 0 0 1 0 1 12 81 18 0 1 0 66 13 0 0 33 17 49 0 0 18 0 0 82 6 34 0 0 0 77 13 6 12 33 6 4 0 3 10 0 22 101 0 41 15 1 0 0 0 0 76 0 0 10 0 0 0 29 9 0 8 7 7 10 0 37 82 0 0 34 12 33 0 13 0 119 0 26 0 7 29 78 17 110 0 0 6 0 0 10 7 65 20 10 0 27 11 0 0 16 71 20 17 55 84 0 0 0 15 0 46 10 55 143 0 30 40 0 24 14 7 0 22 0 66 100 13 14 14 36 21 0 0 0 24 17 14 0 45 0 25 0 114 0 0 28 11 9 0 45 15 159 15 0 0 27 100 72 7 8 0 0 37 0 6 9 7 42 0 12 9 15 0 0 42 1 22 61 0 7 0 9 0 88 9 41 0 13 0 0 0 0 12 0 0 0 0 0 54 14 1 129 10 46 0 0 0 48 0 9 0 15 58 6 0 5 0 8 0]

[Section 2]
  - Unencrypted Readings (717 values): [0 0 0 0 0 263 57 49 0 8 7 2 138 60 0 6 0 0 0 54 157 94 97 13 0 24 23 51 0 0 0 0 0 0 93 56 55 5 7 11 21 4 22 42 6 0 0 0 5 40 37 52 117 42 0 0 20 19 0 10 7 15 11 0 0 0 0 0 0 0 25 0 0 1 0 0 30 10 5 13 16 0 0 0 0 0 14 40 9 0 66 29 59 149 16 74 32 24 6 0 8 0 0 0 0 36 49 73 36 141 61 14 22 10 28 0 6 0 0 0 0 0 72 74 11 6 17 0 7 18 0 7 0 0 0 47 108 42 3 12 0 1 8 20 18 22 7 0 0 0 6 50 42 3 0 7 18 11 88 50 26 6 0 0 19 56 119 48 17 14 0 0 57 0 14 32 5 1 0 0 0 0 0 1 70 55 50 25 14 1 15 53 11 7 6 0 0 1 24 99 37 51 32 0 40 46 120 15 0 0 0 11 49 35 63 21 0 7 8 12 21 23 23 4 0 0 0 0 0 7 54 58 17 9 0 0 14 18 0 21 108 0 0 40 49 141 52 0 4 34 19 1 0 20 24 0 0 0 0 0 10 22 69 7 0 0 5 15 12 18 12 0 0 7 123 6 1 3 0 29 59 101 12 16 0 0 0 0 0 0 6 0 0 4 0 28 68 22 38 13 12 0 6 0 0 0 0 0 0 14 13 8 49 62 0 8 0 0 0 28 0 0 0 0 0 9 80 79 43 9 4 1 16 5 22 7 45 33 17 17 0 0 0 0 12 33 41 91 54 1 0 4 14 12 141 70 13 0 12 11 141 60 3 1 5 6 26 57 6 0 0 0 0 5 33 90 46 9 0 1 77 54 20 13 0 0 0 15 105 33 26 1 12 0 0 0 0 0 0 0 0 1 14 35 5 0 0 0 0 0 0 63 0 46 0 0 0 0 0 0 31 53 23 33 42 4 0 11 27 103 2 21 0 7 0 0 0 48 71 140 48 64 27 0 11 4 13 12 24 30 0 0 0 0 0 46 140 38 53 0 78 13 15 6 38 0 65 78 66 8 0 0 12 0 62 46 39 0 0 0 0 0 0 1 97 51 5 4 0 0 8 3 0 81 10 0 0 0 0 0 4 80 36 6 54 10 0 1 4 8 7 5 17 11 7 0 0 0 0 4 26 8 1 61 10 0 0 0 30 111 9 53 15 8 37 8 8 50 13 0 0 0 0 0 0 7 47 44 6 1 4 17 7 8 54 50 13 5 10 0 59 62 77 123 48 6 0 0 30 7 20 12 40 14 5 6 0 0 0 11 72 53 50 4 0 1 9 8 0 4 34 35 36 0 0 0 0 0 40 97 48 37 3 0 14 23 14 14 111 28 12 7 11 0 0 0 84 6 1 1 26 0 0 0 0 32 6 0 0 0 0 0 1 6 64 122 7 11 13 56 9 21 27 11 19 0 0 0 0 0 38 13 82 21 0 16 21 10 109 30 27 10 1 0 0 0 0 53 69 82 129 49 33 9 22 11 11 0 0 0 0 12 21 63 18 12 5 21 1 22 21 82 11 1 0 4 0 0 7 0 24 37 32 107 164 27 1 11 5 9 7 105 12 11 0 0 0]
  - Encrypted Readings (307 values): [0 16 5 0 8 5 74 37 0 7 5 117 0 5 9 0 0 15 17 15 37 9 14 0 34 0 69 5 0 0 66 20 1 22 8 0 10 110 6 32 74 0 9 11 0 0 0 2 53 23 0 0 0 10 31 0 0 32 83 4 17 8 7 11 87 28 33 33 22 74 6 0 40 8 25 13 0 19 47 64 0 34 6 0 4 85 0 38 14 0 64 16 0 5 0 7 10 129 12 0 34 14 0 107 19 0 19 49 34 14 51 46 4 82 0 5 0 95 0 58 5 0 44 0 0 0 0 1 50 75 2 6 7 7 8 0 0 9 5 0 8 8 0 30 8 10 37 0 60 12 20 7 7 6 6 46 68 38 1 39 10 48 8 9 42 18 18 32 8 1 0 0 0 20 4 36 0 19 11 0 0 0 14 14 69 0 0 0 21 9 2 102 0 7 75 9 0 0 63 6 0 78 46 0 46 0 0 26 0 0 7 32 0 50 31 8 95 17 66 0 30 58 13 0 45 0 0 36 60 41 42 0 10 6 0 9 42 30 0 5 31 19 0 0 81 0 0 10 21 89 0 0 22 11 20 9 13 0 0 48 11 0 0 61 0 0 18 14 8 19 16 38 22 0 0 127 0 84 0 0 11 26 0 122 0 12 24 0 27 0 11 62 0 4 0 85 61 0 6 0 42 0 0 0 14 0 74]

[Section 3]
  - Unencrypted Readings (717 values): [13 64 76 77 0 103 0 0 0 0 0 30 45 193 35 53 8 9 4 9 10 15 4 0 1 162 19 0 0 0 0 0 106 0 0 0 0 0 3 17 12 7 7 0 0 0 23 71 0 42 41 128 23 7 16 7 0 0 0 0 7 32 74 16 40 0 7 0 11 10 116 9 9 0 0 7 0 6 57 64 41 20 0 12 10 6 12 100 7 27 0 1 0 0 0 0 43 53 61 80 59 0 0 1 0 14 8 16 14 7 0 0 0 15 20 113 49 49 9 5 14 19 0 0 0 35 0 0 0 0 0 15 44 70 69 46 13 13 8 0 21 101 25 0 5 7 0 0 0 0 0 0 63 61 9 45 93 8 31 55 77 23 7 4 0 0 0 7 6 94 1 0 38 38 24 49 27 0 157 24 24 15 7 0 0 0 0 0 28 53 147 71 8 0 0 1 0 0 0 0 0 0 6 45 31 108 16 31 0 8 16 5 8 13 23 11 0 0 0 0 53 74 29 127 52 4 12 12 34 11 3 27 8 0 0 0 0 0 24 185 104 15 44 30 36 31 6 28 2 24 7 0 0 0 0 0 0 58 64 9 17 35 14 26 14 0 25 1 34 23 12 0 0 0 0 0 12 40 28 48 43 39 113 48 30 0 0 0 0 1 0 37 0 0 0 0 22 20 12 0 0 0 0 0 29 0 0 0 9 4 0 7 5 0 0 0 6 0 4 1 21 1 0 9 0 0 35 2 8 8 0 0 0 6 5 0 0 0 0 0 6 4 10 0 43 1 0 0 0 0 0 5 35 0 0 0 0 0 0 36 0 0 0 0 0 0 1 31 121 37 0 0 6 13 0 42 97 -45 0 0 0 0 1 8 37 43 0 16 13 10 0 5 4 19 23 0 0 0 0 0 0 22 83 0 27 77 8 4 13 53 142 6 0 0 0 0 20 30 96 30 42 2 10 7 38 5 51 0 0 0 28 26 95 47 13 6 34 1 17 72 16 2 14 4 0 0 0 1 11 9 125 35 61 0 7 19 6 52 22 16 135 33 0 0 0 0 14 10 101 52 13 0 13 0 7 28 7 1 0 0 0 0 0 82 68 67 58 14 7 22 5 0 41 0 5 0 0 0 0 0 8 25 45 0 3 22 2 6 0 0 0 73 4 0 0 0 17 5 0 0 0 32 48 7 88 16 0 17 40 66 11 9 18 14 6 64 0 0 0 0 0 23 33 88 117 39 61 0 6 23 50 0 6 0 0 0 105 46 0 9 0 1 101 20 12 9 10 11 8 15 13 32 36 34 114 27 0 17 15 0 55 0 5 0 0 0 199 42 0 0 0 7 1 5 9 23 12 0 0 0 0 0 0 7 0 13 0 14 9 10 0 0 0 4 0 0 0 0 0 8 18 78 42 0 0 1 0 0 23 94 11 0 0 0 0 0 6 43 81 93 68 4 0 1 14 0 7 53 6 14 0 0 0 0 0 0 35 81 56 77 31 28 0 10 0 0 18 69 72 4 1 27 0 36 13 22 4 1 0 0 0 0 5 15 44 22 0 0 8 4 15 7 11 25 125 8 8 0 0 0 0 0 5 63 77 2 4 34 0 1 11 4 0 62 56 4 7]
  - Encrypted Readings (307 values): [0 1 0 0 31 45 41 27 15 4 20 0 8 16 7 7 107 9 20 8 17 7 0 22 21 0 8 0 0 0 14 0 27 0 8 0 0 0 60 26 40 0 0 67 7 40 41 19 0 7 0 8 0 14 13 19 11 4 19 0 8 51 0 0 0 7 99 41 28 11 0 0 7 2 15 0 5 0 38 0 6 63 29 52 0 16 35 0 41 19 0 0 0 65 0 4 18 3 1 3 92 7 30 6 0 15 128 0 14 26 5 31 1 29 13 0 0 0 49 13 42 0 0 0 0 23 0 9 75 0 30 1 19 6 0 7 12 19 0 5 4 7 125 142 35 0 59 0 0 98 0 5 19 28 30 0 11 7 0 47 8 4 90 0 5 0 0 66 35 7 14 0 32 9 7 75 12 0 0 0 6 0 29 60 1 0 0 0 41 3 41 0 65 9 0 37 10 0 30 4 27 23 13 18 0 13 0 0 0 71 0 40 24 0 0 90 7 7 8 0 27 106 0 0 0 4 10 59 6 7 25 12 0 3 33 14 0 14 0 5 0 0 138 0 4 8 0 1 8 0 62 6 0 0 0 11 0 0 109 24 51 6 31 0 102 149 0 0 4 0 0 0 0 92 0 1 27 12 70 16 0 7 0 0 20 19 65 13 37 4 24 20 0 16 0 0 1 4 0 0 18 0 7 25 1 5 0]

[Section 4]
  - Unencrypted Readings (717 values): [0 0 0 102 24 0 23 61 23 10 17 13 5 14 0 0 0 0 0 0 0 21 27 31 44 12 83 8 0 0 0 0 0 32 18 8 0 0 57 29 1 0 14 2 13 0 0 0 0 0 1 54 82 61 69 73 7 0 43 1 30 7 0 0 0 0 0 0 20 25 0 0 1 114 27 9 0 0 0 62 108 134 33 102 71 25 0 7 12 31 11 0 74 6 1 0 14 15 93 50 16 25 9 1 12 0 16 0 35 17 0 0 0 0 0 8 10 0 26 0 16 44 7 86 25 31 32 8 14 0 0 0 0 56 28 26 0 0 27 20 32 3 9 0 0 0 0 28 66 63 71 33 56 23 15 0 4 17 20 17 25 6 0 0 0 5 3 60 83 38 30 5 4 81 0 0 6 0 0 0 0 33 142 45 63 0 4 1 15 0 5 7 0 0 8 26 68 63 40 34 0 17 21 0 26 90 18 11 34 0 0 0 0 34 77 38 62 7 0 0 8 0 4 1 5 25 59 24 0 0 7 9 36 39 0 0 0 0 0 0 0 19 8 0 0 0 0 0 0 39 27 50 21 52 7 6 4 1 26 7 0 0 0 0 0 0 8 26 63 0 18 27 7 31 4 2 23 1 15 0 0 0 0 2 5 16 26 20 135 55 23 6 13 0 18 7 0 0 0 13 0 22 16 21 0 0 0 7 8 4 41 11 0 0 0 0 0 0 0 0 76 44 33 36 12 9 75 19 16 14 0 44 53 7 22 10 0 0 0 4 16 17 32 81 30 51 48 88 21 37 0 5 1 0 0 0 0 0 0 18 14 17 14 15 15 16 14 15 13 14 14 15 16 13 14 15 15 16 12 14 15 14 15 14 14 15 12 14 13 13 14 13 14 31 89 18 83 0 19 0 10 21 39 3 0 0 0 0 0 0 57 4 0 21 11 5 62 19 51 0 0 0 0 0 23 0 1 8 57 57 9 14 13 28 25 11 0 0 0 0 8 45 20 20 4 6 23 17 17 19 30 4 0 0 0 0 0 2 24 92 8 7 1 22 8 1 1 7 0 73 13 12 7 0 0 0 29 81 8 16 33 26 1 30 29 30 54 28 20 13 0 0 5 1 4 0 12 23 13 20 47 37 0 0 0 0 0 0 22 23 0 1 0 0 0 0 0 0 0 0 0 0 0 0 0 0 0 0 0 0 0 0 0 0 0 0 0 0 0 0 0 0 0 0 0 0 0 0 0 0 0 0 0 0 0 0 0 0 15 28 39 35 9 15 0 0 0 0 50 112 44 0 0 0 0 0 133 61 11 0 0 0 0 30 59 64 0 0 0 0 0 0 0 0 0 0 0 0 0 0 0 0 45 0 10 8 16 13 33 14 35 14 1 0 0 0 0 5 7 8 2 24 30 0 24 98 8 50 76 19 7 0 0 0 0 0 0 8 12 0 0 0 0 0 0 0 0 0 0 0 0 0 0 0 0 0 0 0 0 0 0 0 0 0 0 0 0 0 0 0 0 0 0 0 0 84 106 52 61 0 0 0 0 0 0 0 0 0 0 0 0 0 51 35 79 30 0 0 0 0 57 48 21 7 0 0 0 7 4 0 8 15 6 45 45 0 27]
  - Encrypted Readings (307 values): [0 0 0 1 29 27 0 0 8 34 7 0 0 0 0 0 7 8 62 0 0 5 69 13 0 11 22 7 94 21 13 36 7 0 0 62 15 25 0 3 83 0 0 0 5 0 14 0 20 1 18 7 0 44 7 31 0 39 0 0 0 0 0 12 28 28 69 171 0 0 49 14 0 16 0 0 4 16 0 0 21 0 4 14 0 0 11 22 3 0 7 4 38 0 0 16 34 23 4 0 0 35 9 0 76 0 0 15 0 1 114 50 8 10 17 0 10 16 0 0 0 0 15 97 43 37 12 9 78 20 0 0 0 10 23 0 0 0 7 27 18 23 0 0 22 52 22 12 19 0 20 0 13 14 151 0 38 0 1 0 0 0 0 0 0 0 30 6 13 0 22 60 41 48 40 0 0 0 24 15 68 5 57 5 29 3 0 47 8 14 7 0 0 10 0 0 22 1 7 0 0 0 0 0 82 0 10 8 17 0 1 16 0 19 0 22 9 0 13 0 0 0 38 0 4 5 0 19 1 10 0 30 0 0 0 0 0 0 18 0 0 15 54 13 0 0 0 0 17 8 0 16 25 10 0 122 10 0 46 16 0 15 7 0 60 0 21 119 0 13 43 17 0 7 0 36 14 0 5 57 0 0 0 15 2 0 3 11 9 0 0 27 0 15 0 0 40 0 0 20 7 0 7 43 15 10 42]

[Section 5]
  - Unencrypted Readings (717 values): [24 8 13 6 61 16 0 0 0 0 9 1 44 36 103 0 7 14 0 0 0 8 54 8 0 66 34 8 40 3 0 0 20 9 0 0 4 90 46 4 52 37 37 46 31 8 13 7 5 2 5 6 47 74 38 29 1 0 27 36 6 58 57 0 0 0 0 0 23 70 84 84 83 84 83 16 32 12 57 17 10 0 0 0 0 24 41 4 4 9 19 0 0 17 0 0 0 0 0 0 0 0 0 0 0 0 0 0 0 72 7 0 0 0 0 0 0 6 36 6 8 0 15 15 30 101 100 14 8 0 0 0 15 5 2 41 17 12 17 41 67 0 0 0 0 0 0 58 33 84 74 14 29 2 33 72 16 77 5 0 0 0 0 0 8 48 14 30 16 1 18 2 22 25 53 15 16 22 18 0 0 0 0 20 36 125 26 13 12 1 11 1 21 0 0 0 0 0 92 55 13 6 1 9 92 28 21 25 31 0 0 0 0 0 0 0 13 31 104 58 24 0 9 0 21 22 5 10 39 23 24 0 0 0 0 48 51 21 0 87 26 5 10 88 63 10 44 16 0 0 0 0 0 7 138 37 48 7 8 13 0 91 14 45 0 0 0 0 11 69 10 57 88 4 0 12 7 7 1 103 24 31 0 0 0 0 0 0 22 85 23 47 91 45 5 7 21 60 7 18 14 0 0 0 11 100 46 85 20 32 11 0 7 15 54 19 4 13 1 0 0 0 0 57 32 46 22 5 1 21 6 8 36 8 0 0 0 0 0 5 12 33 0 8 79 0 29 8 23 1 0 26 14 0 0 0 0 50 32 46 0 6 13 27 2 15 0 0 0 0 3 87 64 19 7 11 14 10 0 42 22 0 0 0 0 0 6 16 77 19 5 1 1 31 63 17 74 0 13 69 44 65 8 7 23 9 34 34 16 25 0 0 0 4 7 32 67 12 20 33 0 6 4 5 111 21 59 17 34 7 0 0 0 6 0 38 15 49 18 10 0 13 12 17 22 15 27 51 12 1 0 13 0 0 0 3 35 83 117 29 27 17 27 10 22 1 0 0 0 3 54 21 23 122 51 16 34 5 1 20 95 81 0 0 0 0 0 13 170 11 21 56 19 0 14 45 9 20 14 54 15 0 0 0 15 55 76 81 44 17 1 19 23 38 2 3 32 9 11 0 0 0 0 40 37 36 131 49 93 19 2 13 38 30 0 0 0 0 0 27 29 21 101 62 45 1 0 0 4 23 3 12 7 0 0 0 0 0 8 68 7 15 56 8 0 39 1 15 9 15 1 0 0 0 0 0 1 66 79 0 18 23 4 8 14 44 0 55 8 25 1 8 0 0 0 0 13 71 3 41 25 10 77 40 15 14 0 0 0 54 35 19 14 34 10 19 54 0 44 12 7 0 0 0 0 0 46 154 0 22 9 75 31 27 32 17 11 6 0 0 0 0 0 18 59 16 1 9 45 0 11 0 83 51 53 7 0 0 29 73 1 0 8 0 11 24 44 20 36 7 0 0 0 0 0 99 117 101 56 72 12 0 12 28 19 29 13 33 6 0 0 0 0 0 7 11 43 1 69 2 0 0 0 0 51 0 27 0 0 0 0 0 0 0 10 34 8]
  - Encrypted Readings (307 values): [0 0 7 0 17 42 13 7 0 0 13 28 19 13 17 85 0 1 0 0 0 26 19 1 52 51 30 0 89 0 5 0 17 5 0 16 24 23 30 28 99 8 15 0 6 0 0 14 2 33 91 19 0 62 0 7 0 23 8 0 7 8 17 7 2 0 45 14 24 0 7 29 24 0 0 15 13 0 0 0 8 25 0 69 0 0 1 31 0 0 0 56 0 50 0 0 30 2 2 11 43 35 0 13 0 0 26 0 0 30 83 11 153 1 24 8 62 65 0 4 0 0 40 0 5 55 0 38 22 25 27 18 34 0 1 0 15 16 0 14 71 56 0 0 12 0 0 22 0 13 0 74 72 10 0 0 21 0 0 11 2 0 3 31 0 0 69 0 3 0 8 0 30 0 0 14 6 9 0 0 66 5 7 0 6 83 0 0 0 2 0 74 0 0 79 17 1 13 102 7 40 23 32 91 14 1 62 59 42 45 45 6 19 0 1 9 1 123 1 0 16 6 0 31 19 9 25 0 7 0 1 14 9 7 4 16 0 14 13 1 7 10 0 0 47 0 6 7 0 0 0 0 58 28 25 88 25 74 0 0 0 0 7 117 0 0 92 0 43 52 26 36 0 0 0 8 0 27 43 0 0 17 73 37 9 0 3 7 26 5 12 0 43 19 0 30 31 8 0 0 56 26 0 12 1 17 0]

[Section 6]
  - Unencrypted Readings (717 values): [0 0 21 5 18 29 17 0 0 47 60 29 106 31 0 33 0 9 16 21 12 17 30 6 0 0 0 0 0 28 14 105 58 83 0 7 59 8 49 60 0 0 0 0 0 0 34 43 154 97 34 0 0 8 22 54 16 8 7 0 0 0 0 35 9 133 66 59 2 0 20 0 13 18 20 42 23 14 0 0 0 0 0 0 2 39 73 1 1 26 9 15 38 14 20 13 0 0 0 16 39 56 42 97 34 49 4 85 0 0 7 7 7 0 0 0 0 0 0 0 22 33 12 11 2 15 35 57 23 11 0 0 0 7 28 73 75 0 18 7 12 1 13 14 67 14 7 0 0 0 0 0 30 47 28 18 39 0 17 0 12 36 20 0 0 0 0 0 0 70 131 38 33 0 22 8 9 24 83 0 39 31 14 14 0 0 0 0 5 90 40 30 51 50 5 0 8 14 19 4 32 34 27 0 0 0 0 39 102 71 17 23 54 0 9 0 13 12 39 9 27 18 0 1 0 0 0 0 63 31 8 12 21 0 0 0 21 45 15 57 27 25 57 0 0 0 0 96 23 5 22 1 0 19 19 6 14 20 6 21 0 69 53 43 129 23 100 6 36 14 5 6 2 25 22 0 0 0 13 16 0 0 0 37 29 34 26 7 0 0 0 0 18 67 159 26 37 0 5 0 11 21 17 29 0 0 0 0 0 74 54 94 49 71 20 9 38 12 32 24 20 1 4 0 0 0 0 23 54 50 123 2 39 33 0 10 5 76 0 0 0 1 0 0 0 0 0 0 95 21 4 16 16 6 0 17 10 0 0 0 0 0 0 15 12 52 10 6 0 0 0 0 0 19 28 136 36 20 5 19 0 1 0 0 0 0 99 76 49 4 11 12 1 7 52 7 0 0 0 46 111 61 5 13 23 39 51 28 0 0 0 0 0 0 0 8 55 31 32 29 0 6 19 4 1 55 5 22 14 11 10 11 11 10 22 128 28 4 13 10 8 14 0 0 0 0 0 13 97 37 30 17 0 0 5 31 0 26 0 0 0 0 0 0 59 11 0 62 44 84 18 0 0 0 0 6 36 28 34 156 0 30 26 45 18 16 7 7 0 0 4 0 76 61 60 69 0 4 57 15 32 4 65 35 37 7 0 8 14 178 27 38 0 18 0 39 22 6 32 0 0 0 0 0 0 0 20 53 40 52 24 0 13 1 9 45 71 72 42 68 37 0 0 0 0 0 0 35 32 27 163 4 58 6 0 15 9 5 14 33 20 0 4 7 0 0 0 0 0 7 39 28 5 28 17 19 17 21 0 1 24 13 0 0 0 0 0 0 74 32 18 54 22 50 22 90 11 16 0 0 0 51 107 0 1 5 42 6 23 27 13 0 0 0 0 0 1 55 140 41 60 4 28 24 11 44 34 0 0 0 0 0 28 26 36 39 0 9 9 24 14 59 13 0 0 0 0 0 63 32 63 76 5 0 29 20 4 26 13 0 0 0 0 0 107 58 21 43 9 0 9 5 34 8 48 29 24 8 0 0 0 0 0 0 6 53 73 15 54 26 30 0 0 0 0 20 6 0 0 0 0 0 7 0 88 0 5 11 18 12 113 63 22 0 0 0 0]
  - Encrypted Readings (307 values): [0 44 0 0 35 1 0 8 48 17 34 7 4 0 0 0 24 49 12 37 25 12 66 60 37 40 19 0 0 4 34 7 14 12 7 40 14 20 79 0 0 0 67 35 0 51 38 25 86 0 0 12 1 14 0 2 101 14 109 56 46 17 20 8 0 0 0 0 0 7 43 18 21 8 0 0 7 0 0 14 5 0 13 8 15 49 0 35 53 2 11 18 0 0 19 9 9 13 0 0 25 0 12 106 6 0 12 0 14 83 26 6 0 18 125 8 53 0 10 54 65 129 25 66 7 32 50 0 0 11 75 44 0 20 18 0 0 10 0 1 0 46 101 39 20 83 0 10 0 9 48 26 12 7 13 0 0 20 0 21 0 42 22 0 9 10 7 0 57 0 42 69 0 7 55 0 30 145 0 19 5 23 0 5 17 0 5 50 20 0 1 0 0 15 11 8 36 46 34 48 4 0 0 61 51 6 27 15 0 0 7 45 1 0 19 44 44 84 0 37 44 11 6 26 0 0 0 29 25 25 7 6 0 0 0 126 2 0 65 0 97 18 0 0 0 35 0 6 0 25 8 0 0 1 0 0 20 32 0 78 0 9 0 92 56 61 2 82 8 13 0 0 90 0 5 84 26 0 0 19 0 73 26 38 3 13 20 0 92 5 1 4 0 66 71 20 37 0 0 14 12 0 5 27 70 4 56]

[Section 7]
  - Unencrypted Readings (717 values): [0 9 45 97 60 73 51 0 4 1 29 16 17 85 11 0 78 33 88 30 4 6 12 111 26 9 15 46 13 7 0 0 9 64 122 75 6 0 8 6 14 2 60 2 13 0 0 0 9 45 33 73 50 13 12 9 0 21 9 26 6 19 0 0 0 0 5 29 25 69 7 16 77 58 28 0 20 26 0 42 0 0 0 0 0 0 0 0 18 15 14 65 9 7 0 0 0 0 2 109 34 19 0 8 15 6 0 0 0 0 108 94 17 3 12 26 7 7 75 0 1 0 42 7 7 0 0 0 0 0 0 29 102 53 0 0 0 0 0 0 50 46 15 0 0 0 0 0 52 49 44 172 5 8 19 56 34 17 0 0 23 0 0 0 0 0 0 1 10 15 22 17 8 0 13 38 0 4 1 34 15 14 0 0 0 0 0 5 47 70 122 37 141 13 0 16 7 0 7 0 0 0 0 73 29 33 11 35 41 5 7 5 13 27 3 7 0 0 0 14 84 17 0 0 0 11 13 22 108 7 0 0 0 0 28 52 54 22 94 60 15 7 15 12 6 41 12 0 0 0 14 36 81 46 25 0 5 0 28 11 1 17 8 37 0 0 0 0 0 13 53 53 106 31 56 5 0 8 17 5 43 18 21 7 0 0 0 0 76 59 14 109 5 54 30 0 7 0 30 24 0 9 0 0 0 0 0 5 56 113 56 0 12 1 8 0 14 0 0 0 0 0 9 102 34 7 0 39 15 27 0 0 0 17 5 69 0 0 0 45 39 43 82 0 39 82 7 11 76 8 59 25 12 18 0 4 34 23 4 19 0 7 4 26 4 0 102 17 26 0 0 6 0 11 13 121 5 27 57 3 6 27 115 20 39 0 0 115 57 6 89 43 25 9 10 17 31 17 0 0 0 11 62 51 93 29 27 22 1 5 10 8 0 6 11 16 0 0 0 0 0 4 64 70 20 0 11 62 54 33 23 32 8 0 0 0 0 0 34 0 0 0 0 32 13 21 0 0 0 0 0 18 0 0 0 0 0 0 0 0 0 0 0 0 0 0 0 0 0 0 0 0 0 0 0 6 79 44 0 0 0 0 0 1 80 32 102 67 9 0 13 17 14 0 11 3 33 0 0 0 0 0 41 125 66 59 11 27 28 0 5 25 16 0 0 32 78 80 64 73 45 22 19 3 8 24 28 8 9 0 22 19 9 1 0 0 0 27 108 53 43 12 34 28 14 11 8 17 2 5 29 7 8 0 0 0 0 0 0 35 0 0 0 0 0 0 0 0 0 0 0 0 0 0 0 0 0 0 1 0 0 0 0 0 0 0 0 0 0 0 0 0 0 0 0 0 0 0 0 0 0 0 0 0 0 0 0 0 0 0 0 1 0 76 39 26 14 22 31 26 0 0 26 94 75 9 34 10 1 93 1 7 16 13 6 4 7 0 0 0 0 67 6 0 48 0 0 30 0 33 0 0 0 0 0 17 8 16 23 0 0 0 0 0 4 18 2 16 33 11 0 0 0 0 0 0 43 20 33 58 61 21 78 7 6 15 0 38 15 0 0 1 50 62 28 0 21 8 0 0 0 7 5 7 0 0 0 6 25 16 85 56 0 0 4 33 48]
  - Encrypted Readings (307 values): [5 0 0 0 13 0 7 1 22 0 0 0 44 10 0 0 0 6 38 0 0 65 0 11 0 9 0 0 3 0 0 0 5 0 14 0 25 0 47 0 1 24 20 0 20 56 1 73 39 16 7 18 14 0 1 0 19 0 32 43 8 23 0 0 106 0 0 0 5 6 112 5 103 0 28 0 0 45 4 38 16 0 31 0 128 22 25 14 90 9 74 0 3 17 0 1 4 0 68 18 38 7 14 4 0 0 0 0 0 0 0 11 26 0 28 27 0 49 0 13 0 0 112 22 0 0 78 28 4 33 0 0 7 42 0 0 24 13 7 1 0 53 5 0 43 0 10 0 0 41 0 0 17 0 0 0 45 0 31 59 39 1 0 15 1 0 0 26 0 18 11 0 0 0 18 13 0 7 0 11 7 5 0 7 0 0 0 86 0 15 29 1 36 64 27 24 1 0 0 0 20 0 19 0 23 92 58 0 0 42 0 0 37 0 9 18 0 0 0 6 0 0 0 0 0 0 0 0 46 24 31 1 0 107 0 5 0 0 0 16 0 36 14 0 0 60 0 0 60 1 43 0 0 0 0 7 53 0 7 17 0 21 0 0 98 6 0 11 22 14 0 0 0 0 0 0 0 10 0 53 0 23 17 0 21 102 0 0 0 0 60 35 0 9 35 0 90 63 7 52 0 81 0 31 61 0 0]

[Section 8]
  - Unencrypted Readings (717 values): [32 21 0 0 0 0 1 46 0 58 5 0 1 8 12 40 50 78 25 5 6 0 0 0 9 16 39 80 60 9 20 21 6 16 32 7 25 23 12 0 0 0 0 0 7 36 53 119 0 0 7 18 0 22 13 0 0 0 0 54 0 14 0 62 0 25 57 16 35 6 4 29 21 4 4 23 20 7 0 0 0 0 0 0 0 52 47 10 0 18 14 19 0 42 5 0 0 0 9 109 29 68 29 38 0 52 16 25 29 0 0 0 0 5 98 152 4 53 8 10 3 6 19 22 7 0 0 0 0 0 21 13 20 2 0 9 8 36 0 21 25 86 5 11 5 5 5 4 4 14 50 26 120 53 2 0 36 22 22 16 10 10 20 5 16 0 0 0 0 0 5 45 26 57 24 0 12 23 30 38 29 0 0 0 0 90 40 54 8 8 8 14 20 42 43 30 3 33 9 0 0 0 0 0 6 7 1 46 77 10 0 0 0 0 18 48 22 15 0 0 0 0 0 0 111 123 16 40 10 15 76 12 14 28 8 22 0 0 0 0 7 86 1 0 15 20 16 0 0 0 1 38 38 19 7 12 34 30 67 32 13 0 0 0 0 4 36 0 128 16 17 17 14 55 17 38 7 0 0 0 42 11 99 31 58 11 17 0 33 25 49 37 58 4 0 0 0 0 1 88 22 14 0 9 6 6 27 16 19 7 0 0 0 0 0 0 0 34 20 17 10 6 0 1 34 6 0 0 0 0 45 90 0 0 40 24 27 18 6 0 0 0 0 0 25 23 101 14 13 27 13 46 13 0 7 0 0 0 10 91 54 27 1 4 8 71 31 1 0 0 0 1 62 16 49 82 4 0 19 6 12 19 1 6 0 0 0 0 22 75 68 65 37 0 8 12 11 5 12 51 64 1 12 0 0 0 0 4 105 0 1 0 13 21 66 13 21 0 0 0 0 0 50 75 0 6 60 8 14 5 41 0 0 0 8 12 0 0 0 0 54 27 1 0 7 5 8 18 19 77 0 10 40 0 0 0 0 0 7 37 10 40 22 4 7 4 57 49 45 8 0 0 0 0 81 59 28 20 46 7 0 15 18 31 5 72 1 0 0 0 3 53 31 26 4 0 0 12 6 25 55 33 10 11 6 0 0 8 8 98 15 40 0 13 35 70 117 0 7 0 0 14 50 46 3 15 7 10 15 0 7 4 0 0 0 0 0 14 54 152 2 0 14 0 21 9 4 8 20 6 5 9 0 85 16 0 14 17 23 8 11 1 54 33 14 12 0 47 0 0 0 53 45 97 10 10 58 8 4 8 0 0 0 0 15 91 101 8 17 5 7 12 23 69 25 60 0 0 0 0 41 29 66 56 41 6 0 7 7 37 17 19 25 0 0 50 29 98 14 0 7 8 20 1 10 42 10 5 7 0 0 0 11 92 37 85 18 15 0 20 1 39 17 33 28 20 7 0 0 0 0 0 83 55 35 45 15 34 52 19 1 0 17 5 13 0 0 0 0 14 28 39 5 1 4 13 24 7 51 75 12 0 0 0 0 27 89 27 70 16 1 11 13 4 7 10 16 8 0 0 0 0 0 0 83 59 47 38 126 14 16 4 5 62 5 15 45]
  - Encrypted Readings (307 values): [0 6 11 59 6 8 6 0 86 0 4 91 25 0 10 14 51 11 7 9 25 33 5 30 7 4 0 0 0 154 0 54 1 47 2 24 52 0 36 0 15 0 0 0 5 0 14 2 7 108 51 4 15 30 0 0 41 6 9 0 0 13 6 7 13 57 10 11 0 23 0 0 0 34 0 0 0 3 109 9 0 59 26 0 0 7 0 7 67 0 6 28 14 0 20 36 7 12 19 0 0 0 6 0 0 0 0 31 0 3 86 34 4 11 64 23 0 0 28 0 36 3 5 29 53 0 28 16 0 29 7 89 85 12 41 57 0 29 26 0 16 22 20 0 27 21 28 30 0 38 0 26 8 11 0 25 12 19 29 6 0 0 0 13 9 0 14 1 20 8 22 7 0 0 7 38 16 108 0 0 26 15 0 0 7 21 7 12 0 16 12 77 45 14 69 0 0 0 75 20 14 14 0 8 6 13 0 0 8 6 8 0 0 0 0 29 0 9 22 9 0 0 3 27 9 6 21 0 4 29 14 32 72 0 51 54 0 1 0 43 39 45 0 71 0 24 0 0 55 0 0 78 39 22 36 7 0 1 115 0 12 0 1 30 0 67 5 0 15 0 0 31 0 34 0 17 45 0 0 29 16 0 4 0 22 0 1 0 76 10 63 14 48 13 14 53 17 36 5 36 0 8 8 7 0 11 53]

[Section 9]
  - Unencrypted Readings (717 values): [1 32 0 0 0 19 40 42 9 11 1 15 52 48 13 7 0 0 0 0 44 30 24 0 0 39 14 0 0 1 0 0 0 0 0 0 0 0 0 0 0 0 0 0 0 0 0 0 0 0 0 0 0 0 0 0 0 0 1 0 0 0 0 0 0 0 0 0 0 0 0 0 0 0 0 0 0 0 0 0 0 0 1 0 0 119 102 83 78 34 1 0 0 0 25 20 8 0 83 25 27 12 3 48 15 7 0 0 0 0 88 23 0 5 22 29 11 0 0 0 0 0 51 33 66 124 128 49 66 0 36 33 16 23 7 0 0 0 7 66 16 72 22 7 13 12 45 0 0 19 0 42 10 1 5 1 20 67 14 16 22 16 0 0 0 0 0 28 59 15 1 24 0 0 0 0 35 0 1 0 0 2 65 111 10 10 22 16 7 68 8 0 0 0 6 33 11 29 112 0 21 16 0 20 68 78 13 61 28 0 0 0 0 0 0 5 47 9 45 2 3 10 6 6 12 0 37 103 63 6 0 0 0 0 2 94 38 7 11 0 13 10 15 24 16 14 0 0 0 1 48 32 16 6 7 9 53 9 13 22 0 0 57 47 8 67 34 0 0 7 4 19 8 62 78 30 30 0 6 36 31 0 0 0 0 0 0 0 0 40 16 46 37 0 0 0 0 6 63 0 0 0 0 0 46 77 36 0 0 0 0 2 89 10 63 0 18 12 6 16 12 8 3 39 0 13 0 0 0 0 52 33 0 20 48 8 4 60 24 10 24 37 0 0 0 113 49 6 18 0 5 8 0 0 0 21 24 15 11 9 21 58 41 69 37 12 1 0 1 19 36 29 18 18 0 0 0 0 0 85 35 29 19 21 0 0 7 3 2 29 5 13 5 13 9 7 7 7 8 17 78 96 0 30 6 40 0 15 4 25 73 0 38 8 10 0 0 0 0 0 6 0 0 0 0 88 12 0 0 0 55 23 1 2 0 4 22 63 19 27 5 0 0 0 0 20 40 34 23 35 39 6 2 7 0 25 70 6 45 39 9 0 0 0 63 18 85 79 13 55 19 0 6 0 0 0 0 60 19 76 88 23 0 11 29 46 6 18 6 7 0 0 0 0 0 0 22 13 6 7 9 0 9 84 4 27 7 0 0 0 0 0 0 30 78 3 26 27 40 39 0 23 0 9 14 2 0 0 0 0 0 82 43 0 14 0 14 91 15 0 0 0 18 39 71 26 1 33 1 0 8 38 8 8 0 0 0 0 0 38 55 30 9 32 84 14 0 0 8 7 15 4 14 12 25 0 0 0 0 0 2 62 71 29 6 110 2 25 0 91 38 0 0 0 0 0 0 7 43 32 87 9 7 5 60 24 35 14 11 7 0 0 0 0 23 63 6 7 16 11 4 13 26 16 17 18 6 0 0 0 14 16 133 51 50 71 16 0 0 26 0 1 56 19 0 0 7 0 6 7 83 27 46 0 5 8 13 8 23 7 0 0 0 59 35 18 32 5 2 0 25 15 79 22 4 13 0 0 0 0 33 7 46 10 0 40 1 15 35 85 23 9 0 0 60 24 32 22 13 0 23 6 5 33 0 8 21 12 0 0 0 0 47 50 85 28 0]
  - Encrypted Readings (307 values): [0 0 7 0 7 0 46 9 16 35 0 38 57 27 71 35 5 0 0 25 0 6 0 75 45 87 17 7 0 64 0 0 3 0 0 3 0 0 6 0 62 0 19 0 6 13 19 0 6 23 8 8 49 0 4 0 0 51 6 0 0 28 6 32 14 7 0 0 0 0 8 7 14 0 9 12 0 16 7 32 49 0 70 72 0 2 1 28 48 0 0 36 0 24 94 34 0 1 96 28 37 0 0 0 0 0 0 4 9 10 0 46 0 0 0 39 9 0 12 32 0 51 3 0 8 15 9 36 16 0 19 13 0 0 10 60 0 0 5 7 0 15 5 1 7 0 55 0 56 35 14 0 0 0 7 15 0 0 39 37 1 24 7 0 0 14 0 0 61 0 1 0 13 4 0 67 0 51 1 1 7 18 49 0 0 0 8 0 0 51 10 0 39 16 1 0 38 96 0 46 22 0 0 0 0 0 0 23 0 0 0 16 13 0 0 7 1 8 8 30 102 1 5 7 13 8 8 0 4 18 0 11 4 83 0 8 76 0 23 0 13 8 0 93 0 36 12 38 25 0 0 34 63 47 3 0 34 1 29 26 6 7 14 82 58 36 50 15 92 47 54 27 11 0 0 18 4 51 2 7 1 0 15 0 52 0 2 0 0 1 23 0 57 16 8 38 0 0 0 54 69 11 14 0 0 33 12]

[Section 10]
  - Unencrypted Readings (717 values): [13 8 14 30 33 28 0 0 0 0 67 48 57 53 43 18 9 15 0 31 14 0 0 0 0 0 106 63 33 89 0 61 1 12 21 11 0 0 0 0 177 33 0 0 0 0 0 21 12 29 7 11 16 0 0 0 11 25 45 57 41 16 23 7 0 18 74 11 7 0 0 0 0 34 7 21 60 51 1 1 26 16 1 0 0 0 0 0 0 46 83 41 64 7 1 36 39 25 26 13 1 0 0 0 13 8 33 48 45 23 7 55 39 5 44 0 17 7 0 0 0 54 0 0 0 0 0 0 27 7 0 0 0 0 0 56 57 17 25 0 14 14 55 60 119 52 46 22 35 0 7 20 32 0 1 0 0 0 32 23 9 0 0 0 0 0 0 0 9 47 59 57 28 15 51 0 70 26 45 13 0 0 1 2 17 27 46 64 11 30 21 43 79 10 0 0 0 0 1 11 22 61 18 37 5 7 8 23 38 44 13 35 13 0 0 0 0 25 75 6 31 36 13 29 14 0 29 19 8 0 0 0 0 28 43 102 130 11 20 2 11 13 43 12 30 38 20 13 7 0 0 0 0 6 0 21 0 74 25 13 2 36 15 1 23 41 0 0 43 0 0 0 0 0 11 28 33 16 0 15 0 15 15 1 15 20 7 0 0 0 14 42 62 35 13 16 1 6 0 0 0 17 36 15 10 37 7 8 69 62 62 35 0 0 0 0 0 32 28 103 0 0 13 8 4 2 18 76 18 4 22 21 7 0 0 0 0 0 0 74 38 38 17 0 14 6 43 30 6 0 0 0 13 47 70 16 0 8 7 31 0 30 7 0 0 0 0 0 14 3 6 51 0 0 0 0 24 0 0 0 1 0 0 4 20 47 61 11 19 17 6 18 30 15 14 0 0 0 0 22 17 8 88 82 13 7 27 33 30 35 53 4 0 0 0 0 0 0 36 30 57 93 1 7 7 7 16 70 28 7 8 0 0 0 0 63 29 19 10 63 62 1 24 25 30 41 9 0 0 34 28 180 0 9 39 30 85 7 8 0 0 0 0 51 64 47 28 9 8 17 31 10 9 3 27 0 0 0 0 20 37 39 31 0 14 14 1 67 14 15 7 0 0 0 1 10 68 51 82 0 4 0 28 28 6 0 0 0 51 40 25 55 32 38 7 30 2 25 0 6 0 0 0 0 0 31 10 7 46 1 0 12 7 37 0 0 21 5 7 0 0 0 0 1 44 19 52 45 36 20 2 15 22 33 11 10 11 0 0 5 40 32 42 53 1 9 7 17 9 5 86 63 14 0 0 0 0 53 45 91 9 7 0 14 15 19 11 48 13 31 0 7 0 0 0 0 0 18 13 20 74 4 0 12 15 60 19 25 11 0 0 0 0 5 63 40 14 4 2 11 7 17 1 23 27 31 13 0 0 1 0 0 0 14 50 39 66 99 83 67 24 5 11 6 24 32 0 0 0 0 1 0 0 24 31 9 27 19 0 2 10 13 50 37 1 74 40 17 24 0 38 32 55 69 0 0 6 18 36 96 33 7 16 0 0 0 0 0 55 29 0 7 7 0 15 28 57 15 26 0 0 0 0 62 107 9 43 63 68 42 2 3 15 27 0 0 41]
  - Encrypted Readings (307 values): [30 0 0 73 8 0 3 39 25 75 49 43 0 0 0 0 35 24 36 1 0 20 0 11 0 7 8 1 7 0 87 4 0 30 6 21 0 0 5 0 5 22 17 1 39 24 4 51 61 0 23 31 7 8 41 10 61 12 42 8 12 47 101 20 1 25 74 0 0 15 0 5 7 22 7 0 37 0 25 42 27 31 5 0 1 0 13 0 0 34 1 59 4 0 1 8 18 1 37 0 15 0 0 7 0 11 9 8 0 30 40 50 23 1 0 9 36 0 5 8 0 75 0 5 8 0 7 29 14 0 50 0 0 93 0 0 0 13 65 2 6 0 44 42 0 40 0 0 12 0 7 21 0 52 13 19 0 43 8 0 0 11 5 36 0 0 6 23 9 59 38 5 74 0 0 40 17 50 50 13 24 0 59 15 0 31 24 29 0 45 16 0 7 1 102 46 0 0 0 1 0 0 0 1 1 13 49 14 15 0 0 37 9 17 33 18 39 0 7 32 6 0 33 21 8 5 0 1 48 0 0 3 0 0 52 0 0 0 41 104 0 7 0 13 15 0 1 0 0 0 25 0 0 0 0 9 0 72 0 0 30 14 84 38 0 15 63 25 0 14 7 7 90 0 13 0 20 0 0 16 9 0 9 31 0 0 56 43 24 37 9 20 36 0 1 86 20 0 72 4 17 0 0 8 33 34 35]

