=====================================================
         Household Attack Verification Log - Household-Level 
=====================================================

Attack Run: 1
Current Encryption Ratio: 0.10
Leaked From Household: 6fffd62f-739b-4202-973d-df2d07470d87.csv
Leaked From Raw Data Start Index: 2416
Attack Result: SUCCESS

--- Attacker's Data Block (Size: 12) ---
[6 0 13 10 4 0 0 0 0 0 0 0]

--- Source Household Data State (ID: 6fffd62f-739b-4202-973d-df2d07470d87.csv) ---

Total Blocks: 10
Encrypted Blocks (not searchable by attacker): 0 to 0
Plaintext Blocks (searchable by attacker): 1 to 9

[Plaintext Block 1] (1024 values)
  - Data: [0 0 1 0 14 32 79 51 22 1 6 32 46 1 0 1 5 0 0 0 0 0 0 0 0 2 5 0 0 0 0 0 0 18 29 52 16 0 0 9 0 0 0 4 0 0 0 0 0 0 0 4 0 0 0 0 0 1 15 19 0 4 0 5 6 9 7 0 4 0 0 0 0 0 0 7 0 0 0 10 0 4 0 11 0 21 0 0 0 12 18 0 0 0 0 0 0 0 0 0 1 3 1 0 5 9 27 0 0 9 40 22 0 1 0 0 0 0 0 0 0 0 0 0 7 57 50 0 0 0 0 0 0 0 0 0 0 8 0 0 4 0 0 0 0 0 0 4 0 1 9 14 0 0 7 0 37 0 0 0 0 0 0 0 0 0 0 0 0 1 0 1 0 0 0 0 0 4 0 0 0 5 0 0 1 0 0 0 0 0 0 0 0 0 6 1 0 0 0 0 0 72 6 0 2 50 0 1 0 31 1 0 8 0 0 2 0 0 0 21 42 0 0 0 49 19 25 0 0 8 19 0 1 4 43 0 5 0 0 0 0 0 1 4 1 53 85 116 0 0 13 39 1 37 5 1 6 5 0 7 1 0 0 0 0 0 0 0 0 0 5 3 7 0 1 0 0 0 2 0 7 0 0 0 0 0 0 0 0 0 0 0 5 0 0 81 34 0 0 0 0 1 10 0 12 4 0 4 6 1 0 0 0 1 0 0 6 0 18 0 0 0 0 14 0 0 4 0 3 0 0 0 0 0 0 0 0 0 0 0 5 8 0 0 0 0 0 0 0 5 33 31 0 0 0 0 0 0 0 0 0 0 7 0 0 0 0 0 1 0 6 6 0 0 4 7 0 0 0 0 0 0 0 0 0 1 0 7 0 0 0 0 0 0 0 0 26 112 4 0 0 0 0 0 0 0 0 0 0 4 0 0 0 0 0 0 0 0 6 0 14 0 0 4 0 0 0 0 0 0 0 1 11 0 0 0 0 1 0 0 0 0 0 0 4 1 20 0 0 0 0 0 3 0 0 8 0 0 0 0 0 0 0 0 0 63 28 64 4 8 17 7 13 0 0 4 0 10 4 6 0 0 0 0 0 0 0 0 7 0 10 0 0 1 0 0 0 0 0 0 8 0 0 0 0 0 0 0 0 0 0 0 42 0 0 0 0 0 0 0 5 0 0 1 5 0 0 0 0 0 0 36 78 5 0 0 11 91 20 5 0 0 7 0 0 0 0 0 5 0 0 0 0 0 4 10 0 5 3 54 0 12 1 0 0 0 0 0 0 0 5 0 3 0 0 1 0 1 0 0 0 0 1 6 7 1 0 0 0 4 0 0 0 0 0 7 0 0 0 0 62 19 8 5 2 8 0 0 0 0 0 0 4 6 5 6 0 2 42 99 74 46 37 0 0 2 7 0 1 2 0 0 0 0 0 0 0 0 0 8 16 42 13 0 0 0 0 7 48 24 29 0 1 4 0 1 0 0 0 0 0 0 0 7 0 1 0 0 0 1 2 0 0 8 0 0 0 39 0 0 0 0 0 0 0 0 0 0 0 0 1 0 0 6 0 0 1 10 0 0 21 118 9 6 0 5 3 0 0 0 0 0 0 0 0 0 0 3 7 46 1 0 14 0 0 0 4 0 0 10 2 0 0 0 1 0 0 0 4 19 0 0 4 5 0 0 0 0 8 0 0 0 0 0 0 0 0 0 0 0 3 4 0 0 17 45 11 1 5 4 0 35 7 0 0 0 0 0 0 0 5 0 0 0 9 0 0 0 0 4 0 0 1 81 66 0 0 0 17 18 0 0 5 11 0 0 0 0 0 4 0 0 27 0 0 0 0 20 0 0 0 2 1 0 0 0 0 0 0 0 0 0 6 0 0 0 0 25 43 0 0 11 4 0 1 7 0 1 0 5 0 0 0 0 0 0 0 0 0 0 0 0 0 0 0 0 118 35 13 74 0 0 0 6 0 3 21 3 0 6 1 7 0 0 0 1 5 0 0 5 33 16 0 6 0 0 4 0 0 0 0 0 0 4 0 0 7 6 45 0 0 0 16 0 0 0 0 0 10 0 0 0 0 0 0 0 0 1 0 0 8 1 4 2 2 17 0 1 13 13 0 0 0 0 0 0 0 0 0 6 0 3 1 4 5 0 1 0 0 0 0 5 0 0 0 0 0 0 0 0 5 0 0 0 0 0 0 3 9 0 2 0 0 0 0 0 0 0 0 0 1 0 5 0 0 0 0 0 0 0 0 0 9 0 0 0 0 40 91 66 70 40 0 4 1 0 0 0 0 0 0 0 0 0]

[Plaintext Block 2] (1024 values)
  - Data: [5 0 1 0 0 0 0 4 0 10 0 0 0 0 0 0 0 4 0 0 0 0 0 0 8 0 0 0 0 0 12 0 0 0 0 0 5 4 0 3 0 0 0 0 0 0 0 5 0 3 0 10 2 0 0 0 0 0 0 6 0 6 0 0 0 0 0 0 0 0 0 0 38 1 0 0 0 0 0 0 10 0 0 7 5 0 5 4 0 0 0 0 0 0 0 0 0 7 0 0 0 1 0 0 0 0 0 6 3 1 0 4 1 5 0 0 0 0 0 0 0 0 8 5 1 1 0 0 0 30 5 5 0 0 0 0 9 0 0 0 0 0 0 0 0 0 16 48 0 1 0 0 0 44 1 0 0 0 0 4 0 0 0 0 0 0 0 4 0 1 0 0 0 0 0 0 0 6 0 0 6 0 0 0 0 0 0 0 0 0 0 5 0 0 0 0 1 0 0 0 0 4 0 0 0 0 6 0 0 0 0 0 0 0 0 0 5 10 105 44 8 0 45 8 0 0 0 0 0 5 4 0 0 0 0 0 0 0 0 0 1 4 0 0 0 0 0 0 4 0 0 0 27 43 0 5 0 0 0 0 0 0 0 1 0 4 0 0 0 8 0 0 0 0 0 0 6 0 0 0 0 0 0 0 0 0 6 0 0 0 0 0 5 0 0 13 0 0 5 0 1 0 0 0 0 0 0 0 0 0 0 1 0 7 0 0 0 16 69 13 0 5 0 0 0 0 0 0 0 0 0 4 1 0 0 0 0 0 0 0 0 44 3 0 0 0 0 0 0 0 0 0 3 1 0 7 4 0 0 0 0 0 9 0 0 0 0 0 6 0 13 10 4 0 0 0 0 0 0 0 0 0 0 0 5 33 7 0 11 3 0 0 0 0 0 0 0 0 0 0 0 5 0 0 0 0 0 0 6 0 0 2 0 0 5 0 0 4 0 0 0 0 0 0 4 0 1 0 0 0 0 0 1 30 127 66 41 0 0 51 10 0 2 4 0 1 0 0 4 0 0 0 0 4 12 10 0 7 0 0 0 0 0 0 0 0 0 0 0 0 0 0 0 0 0 17 41 0 0 9 0 0 0 8 0 3 0 0 0 6 0 0 0 5 0 0 0 0 0 5 0 0 0 0 0 0 5 0 0 0 1 0 249 0 0 119 170 8 0 5 6 0 0 5 0 0 0 19 0 5 0 0 0 0 0 0 0 0 0 0 6 0 0 5 10 5 7 0 10 0 2 8 1 4 0 6 10 0 0 0 0 5 0 0 3 0 5 0 9 0 55 9 0 0 0 0 0 0 0 13 0 0 5 1 0 0 0 0 0 5 0 0 1 14 0 5 0 0 15 53 0 7 4 2 1 0 11 15 0 0 0 0 0 0 0 38 0 0 24 23 0 0 7 0 0 2 0 3 0 22 6 0 0 0 3 0 0 0 0 0 0 0 0 7 0 0 0 0 0 0 0 0 0 0 0 0 0 0 114 40 0 0 0 1 0 0 0 0 0 0 0 0 0 0 0 0 0 0 0 27 0 0 0 2 42 16 14 108 30 33 7 0 11 20 0 0 0 3 5 0 0 0 14 0 11 1 0 0 19 28 32 2 0 6 0 0 0 0 4 0 0 8 1 8 0 0 0 1 12 0 0 1 6 115 30 24 0 5 12 0 6 14 1 0 0 5 1 4 0 0 0 0 1 14 0 0 0 0 5 0 0 4 4 27 0 0 0 0 0 0 0 0 0 0 0 1 15 0 5 5 0 0 0 1 0 0 0 0 0 0 0 0 0 0 0 6 7 0 1 10 5 0 0 0 0 50 107 50 11 0 8 0 11 20 0 0 0 0 1 2 0 0 14 21 8 0 0 0 0 5 0 21 0 0 0 0 0 1 2 0 1 0 0 0 6 0 5 0 0 0 0 0 2 4 17 0 8 0 1 0 0 0 0 0 0 0 10 0 0 0 0 0 30 0 5 2 4 0 0 0 9 0 0 0 0 10 0 0 0 0 0 1 0 24 32 0 5 0 0 0 0 0 0 0 0 0 37 0 0 0 0 6 0 0 5 16 0 0 0 0 0 3 67 35 0 5 5 0 11 0 0 0 0 0 6 0 0 0 0 10 0 0 89 76 51 0 10 65 60 24 7 22 7 18 15 0 8 0 0 0 3 4 8 0 0 0 0 0 0 0 0 0 0 0 0 67 25 5 7 0 1 32 4 0 2 0 0 19 5 26 14 5 18 0 0 0 23 8 0 0 0 0 0 0 0 0 0 0 0 0 0 0 0 14 56 0 0 0 0 0 0 0 0 0]

[Plaintext Block 3] (1024 values)
  - Data: [0 0 56 16 10 0 0 0 0 0 0 7 0 17 0 0 0 0 0 0 3 0 53 41 9 13 11 2 0 0 0 6 5 0 0 0 0 11 2 6 0 10 58 29 0 35 22 26 0 1 0 3 0 5 0 0 6 0 1 0 11 23 22 8 8 0 1 0 13 0 0 0 7 0 0 8 -8 8 0 0 0 0 7 1 0 0 10 109 49 17 7 0 5 0 0 0 0 0 0 0 0 12 10 47 8 0 0 0 0 0 0 0 1 55 69 0 9 4 12 0 0 1 0 0 6 0 10 14 0 3 10 0 0 0 10 9 0 0 0 0 0 0 0 0 0 0 0 0 0 0 0 6 0 71 122 87 18 44 1 17 1 0 7 0 29 6 0 18 0 0 0 1 0 0 20 0 0 0 0 0 1 0 6 0 21 20 69 10 8 0 0 0 0 0 0 0 17 29 1 0 9 0 0 0 2 1 0 11 0 1 0 18 0 0 0 0 0 0 0 0 0 0 0 0 0 0 0 32 23 0 0 0 21 0 10 0 0 19 2 7 0 0 8 0 0 19 0 0 0 0 18 0 0 0 0 0 0 0 0 0 0 0 0 0 0 0 0 1 0 34 72 44 3 4 0 0 0 0 0 1 0 21 5 0 0 0 0 0 0 0 0 0 0 11 0 17 5 0 0 0 0 0 0 0 0 9 14 24 0 0 0 0 0 0 0 0 6 6 6 0 0 0 0 15 86 2 0 7 0 11 0 32 3 0 9 0 0 0 0 0 16 28 0 0 1 12 0 0 0 6 0 0 0 0 0 0 0 0 0 0 0 0 0 0 0 1 2 6 2 1 0 5 0 0 0 1 5 0 44 24 29 0 16 0 0 0 0 2 13 0 1 0 0 0 0 2 0 0 0 0 0 0 0 0 0 0 0 0 0 0 0 0 1 6 0 1 0 0 0 0 0 28 5 0 0 0 0 0 0 0 0 0 0 0 0 0 0 0 0 0 0 0 1 0 0 0 1 0 0 8 0 46 0 4 0 7 0 0 0 0 0 18 6 14 0 19 50 42 10 58 0 0 1 0 0 0 0 0 0 0 0 0 0 0 0 0 1 0 1 0 0 0 0 0 0 1 0 0 0 0 0 0 0 0 0 0 0 0 0 0 0 2 0 16 0 0 0 0 1 0 0 0 32 39 4 10 0 0 2 0 0 0 4 0 19 4 9 0 0 0 8 0 0 31 4 5 0 5 0 0 0 0 0 0 0 4 0 0 0 0 0 25 65 1 18 2 22 0 0 0 8 0 0 0 0 0 0 0 0 6 0 0 0 0 16 0 0 0 0 0 0 11 29 6 8 2 0 0 5 0 0 0 1 3 0 8 64 1 0 0 0 0 0 0 0 0 0 0 0 0 0 0 0 0 0 0 0 0 0 0 0 0 1 0 67 3 0 0 0 0 0 0 0 0 0 0 0 0 0 0 0 0 0 0 0 0 0 0 0 0 0 0 0 14 8 35 23 12 0 4 0 0 0 0 0 0 0 40 7 0 1 24 0 0 0 0 0 0 0 0 0 0 0 1 0 0 0 0 0 0 0 0 6 0 0 0 6 48 3 0 0 0 0 0 3 0 0 0 0 6 0 0 0 0 0 1 0 0 1 0 0 1 0 0 0 0 0 0 0 0 0 0 0 0 0 0 1 0 0 26 0 20 2 0 0 0 1 0 0 0 0 0 0 0 0 0 0 1 0 0 0 0 0 0 0 0 1 0 0 0 0 1 0 0 0 0 0 0 0 0 0 0 1 0 0 0 5 6 9 1 0 0 0 4 4 70 4 1 7 8 3 0 0 1 0 0 0 4 24 36 11 0 18 88 70 37 9 0 13 4 21 7 13 0 0 0 0 0 0 0 10 2 0 0 0 0 0 0 0 12 4 0 0 0 0 0 0 6 0 0 0 0 0 0 0 36 41 0 0 0 0 5 0 0 68 24 0 4 0 3 1 0 0 0 0 0 0 1 6 0 0 1 0 25 0 0 0 0 0 0 0 0 0 0 0 0 0 0 0 0 0 0 6 0 0 0 0 19 0 0 0 0 5 1 0 53 20 0 0 0 1 0 0 0 0 1 0 18 11 0 0 8 0 0 0 0 0 0 0 0 0 0 0 0 2 34 0 0 0 0 2 8 0 0 23 1 0 0 0 0 0 0 0 5 0 0 0 0 0 0 0 0 1 0 0 0 0 0 13 42 0 0 0 30 0 0 0 0 0 0 0 0 0 0 0 0 0 0 0 0 0 1 0 0 0 0 0 0 10 8 0 11 0 5]

[Plaintext Block 4] (1024 values)
  - Data: [0 0 0 0 0 0 0 0 0 0 5 0 58 17 0 0 0 7 6 0 1 0 0 0 0 0 0 0 0 55 0 6 0 8 8 7 0 0 0 0 1 0 7 0 1 60 16 0 0 0 0 0 0 0 0 0 0 0 0 0 0 4 0 0 0 0 0 0 0 0 0 0 0 0 0 20 0 0 2 7 0 0 0 0 0 14 8 35 0 0 0 0 0 0 0 0 0 0 0 0 0 1 0 0 0 4 0 0 14 12 4 0 0 1 0 6 0 1 9 6 0 0 0 0 0 0 0 0 0 4 0 0 30 3 0 0 0 0 0 0 0 0 0 0 0 0 0 0 0 0 0 0 0 0 9 0 13 0 0 0 0 0 0 0 55 127 22 12 1 5 0 0 0 0 0 0 0 0 5 0 15 0 0 0 0 0 0 0 0 0 0 0 0 0 0 0 0 0 0 0 0 0 0 0 0 28 0 0 0 0 44 24 4 2 8 0 4 0 0 0 0 0 0 0 0 0 0 0 0 50 53 0 0 0 0 0 0 0 0 0 0 0 0 0 0 0 0 0 0 0 0 0 0 0 0 0 0 0 25 0 0 0 0 0 0 0 0 0 0 0 1 0 0 0 0 0 0 0 0 0 0 0 0 0 0 0 0 0 0 0 0 0 0 0 0 0 0 0 0 0 0 0 0 0 0 0 0 33 44 2 15 13 0 14 14 0 0 0 0 0 8 1 14 5 0 0 0 0 6 2 0 30 76 35 1 4 8 7 0 0 0 0 0 4 7 0 0 0 0 0 0 0 4 16 0 16 0 0 5 11 0 0 0 0 0 0 0 0 5 0 0 0 17 7 0 0 0 0 13 19 0 4 27 2 3 5 14 4 5 0 0 0 3 6 3 0 0 29 0 0 0 0 0 0 0 0 0 0 0 0 0 0 0 0 0 0 0 0 1 0 0 0 0 0 0 0 0 14 0 15 0 0 8 5 0 0 0 0 0 0 0 0 8 10 1 0 0 0 0 0 0 0 0 0 0 0 0 0 0 0 0 0 0 0 0 0 0 0 0 0 0 0 17 0 0 3 10 5 6 8 4 5 0 0 0 0 0 0 0 0 11 1 0 0 3 1 2 1 0 30 56 82 0 23 26 2 5 0 0 0 0 0 0 5 16 6 10 6 0 9 0 16 0 0 0 14 0 6 2 3 0 0 0 0 0 0 11 0 0 1 0 20 10 1 0 3 44 0 0 0 0 0 25 25 0 0 0 0 0 0 1 15 0 14 0 22 0 0 0 0 0 0 0 0 0 0 0 0 0 0 0 0 0 0 0 1 0 0 0 0 0 0 0 1 2 47 0 1 0 11 5 5 6 0 0 5 0 0 8 46 10 0 5 0 0 0 0 0 0 0 0 0 0 0 0 0 0 0 0 0 0 0 0 0 0 29 8 11 0 1 0 0 0 11 0 2 0 5 0 0 0 0 0 0 0 0 0 0 24 2 0 0 0 1 0 0 0 0 1 0 0 0 0 0 0 0 0 0 0 17 0 0 4 1 0 0 0 0 0 0 1 0 0 0 0 0 0 0 0 0 0 0 0 0 0 0 0 1 0 27 0 0 0 21 46 3 16 0 0 14 14 1 0 0 0 0 11 0 7 0 0 0 1 42 0 0 1 0 0 1 0 0 0 0 0 0 0 0 0 0 0 0 0 1 0 0 0 0 0 0 0 1 0 0 0 0 0 0 0 0 0 0 0 20 0 0 1 0 16 0 0 8 7 0 0 0 59 38 0 4 2 4 0 0 0 0 0 0 1 0 0 5 0 14 6 32 4 0 0 0 0 1 11 7 0 0 0 0 0 0 0 0 0 0 1 0 11 0 3 4 21 0 0 0 0 14 0 0 174 42 8 42 0 0 0 0 1 0 4 12 15 6 0 18 0 0 0 0 0 15 5 10 16 9 0 1 0 0 0 0 0 0 11 0 2 0 0 36 10 8 87 1 24 0 1 15 0 7 11 0 10 0 0 0 0 0 6 0 0 40 0 45 0 0 0 0 0 0 0 0 0 0 0 0 0 0 0 0 0 0 0 0 0 1 0 0 0 0 29 0 0 0 5 0 1 8 0 0 0 0 0 0 1 0 0 0 0 0 0 0 0 0 0 0 70 17 0 0 0 0 0 0 0 0 0 0 0 1 6 18 4 0 0 0 0 0 0 0 0 0 0 0 4 8 0 0 0 0 0 0 0 4 32 0 0 0 0 0 0 0 0 0 0 0 0 0 0 0 0 0 0 0 1 0 0 0 0 0 0 0 0 0 0 0]

[Plaintext Block 5] (1024 values)
  - Data: [89 1 35 3 97 50 1 18 39 8 9 0 0 0 1 9 0 0 0 1 0 17 23 0 0 16 10 0 4 0 3 36 9 0 0 0 0 0 0 3 4 0 5 1 0 15 0 0 1 8 0 0 22 0 0 0 0 8 0 10 0 0 0 0 11 0 0 7 0 13 0 11 0 0 1 5 5 10 0 0 5 5 0 0 0 1 0 0 0 0 0 0 0 0 0 0 0 0 0 0 0 0 0 0 0 0 0 0 0 0 0 0 0 0 1 0 0 0 0 0 0 0 0 1 0 50 40 3 0 0 0 0 0 1 0 0 9 8 9 0 0 0 0 0 0 0 0 0 0 0 0 0 0 0 0 0 0 0 0 0 0 0 0 0 0 0 0 0 0 11 43 6 19 8 0 21 19 6 0 15 1 0 0 8 4 0 8 12 23 0 0 0 1 0 36 0 5 0 0 4 0 0 0 0 0 0 0 0 5 0 0 0 0 9 0 0 0 8 10 0 11 20 4 0 23 7 0 48 0 0 0 4 1 3 0 0 0 0 0 0 0 0 0 0 0 0 0 0 0 0 0 0 0 0 0 0 0 0 0 0 23 4 0 0 0 4 0 0 0 0 0 0 0 0 0 0 0 0 0 0 0 10 0 0 32 0 0 0 0 0 0 0 0 0 0 0 0 0 0 0 0 0 0 1 0 0 0 0 0 10 0 0 0 0 0 17 1 0 0 24 10 0 0 0 0 0 0 0 6 9 0 15 0 0 0 0 12 62 41 43 0 54 5 11 47 0 5 2 0 0 0 1 1 6 0 1 0 15 13 6 3 0 0 94 24 0 7 0 0 0 0 0 0 0 0 0 1 0 1 0 0 25 0 0 0 22 0 0 0 0 0 0 0 0 0 0 0 0 0 0 1 0 5 0 24 0 0 2 0 15 44 0 0 0 0 6 0 0 0 0 0 1 0 0 6 1 0 0 0 0 0 0 0 0 0 0 0 0 0 0 0 0 0 0 0 0 1 0 0 0 9 0 0 0 0 0 0 0 0 0 0 0 0 0 0 0 0 0 0 0 0 1 0 0 0 0 0 0 0 0 0 3 6 0 0 14 0 3 0 0 0 0 0 0 0 1 0 0 11 3 44 17 17 0 0 0 0 0 1 0 0 5 0 0 0 0 0 0 0 0 6 0 0 0 14 0 0 0 0 52 29 0 0 1 0 0 0 0 0 0 0 0 0 0 5 0 0 0 0 21 1 8 0 0 0 14 10 0 21 0 0 0 0 0 0 0 0 0 0 0 0 100 89 2 57 4 7 0 0 1 1 7 20 0 29 9 0 0 0 0 0 9 26 7 6 0 0 0 0 0 0 0 0 0 1 31 3 0 0 0 0 0 0 0 8 0 0 4 3 0 0 42 5 0 0 0 0 0 0 7 0 0 0 0 0 0 0 0 0 6 0 0 6 0 21 2 0 1 0 0 0 0 0 0 0 0 0 0 0 0 0 0 0 0 0 1 0 0 10 0 7 5 1 0 0 0 0 13 5 4 0 0 0 0 0 0 6 0 5 0 1 0 18 9 0 0 0 0 6 0 0 0 0 4 14 0 0 0 0 0 4 4 0 0 0 0 0 39 0 0 0 0 0 0 0 0 0 0 0 0 0 0 0 0 0 0 0 0 0 0 0 0 0 0 0 0 8 4 1 1 17 0 0 0 0 0 0 0 0 0 0 8 35 23 38 7 0 0 0 19 110 0 0 0 0 0 31 5 0 0 0 0 0 4 4 7 0 0 0 0 7 0 1 0 11 11 0 5 0 34 0 13 0 0 0 0 0 4 0 0 41 47 5 0 1 0 0 0 5 5 0 0 0 0 0 0 0 4 0 0 0 15 5 11 0 0 21 8 0 0 0 6 135 19 38 1 0 0 18 2 0 0 0 0 0 0 0 1 0 3 13 9 0 0 1 0 0 3 5 0 13 0 14 23 0 0 0 0 0 1 3 0 9 0 0 0 0 0 0 0 0 0 0 0 0 0 0 0 0 0 0 0 0 0 0 0 0 1 0 34 49 0 0 0 1 0 6 1 0 2 0 12 21 4 0 0 4 0 0 0 10 0 0 0 0 0 0 1 0 0 0 0 0 0 0 0 0 0 0 0 0 0 0 0 0 0 0 0 0 0 0 1 0 0 0 0 0 0 0 0 0 0 0 0 0 0 0 0 10 0 0 0 6 5 0 0 0 8 0 0 0 14 15 0 1 0 0 9 0 0 11 0 4 0 63 4 0 0 0 0 0 0 0 0 0 15 0 0 0 0 6 0 0 0]

[Plaintext Block 6] (1024 values)
  - Data: [13 5 2 16 23 5 10 0 0 0 36 0 0 0 0 0 0 0 7 0 0 0 0 0 0 25 0 0 0 14 0 0 5 7 18 28 0 0 0 0 0 0 6 0 0 0 13 1 0 0 29 57 0 0 41 1 14 0 35 2 11 0 0 0 0 0 4 0 0 0 0 5 0 1 0 0 0 0 0 0 0 0 0 0 0 0 0 0 0 0 0 0 0 0 0 0 0 0 1 13 0 64 42 0 8 6 8 2 2 5 0 0 0 0 0 5 0 87 0 18 9 0 0 3 0 6 0 6 0 0 0 1 0 0 0 0 0 0 0 0 10 1 10 0 0 2 16 77 13 0 9 2 0 5 0 0 0 0 0 0 0 0 0 0 0 0 1 0 25 0 0 0 0 6 1 6 1 0 0 9 0 0 3 0 0 0 0 0 6 0 0 0 0 18 0 5 0 0 7 0 70 15 26 4 0 9 0 1 0 0 0 0 0 5 47 0 0 1 1 0 0 6 10 0 0 0 0 84 0 0 0 0 0 0 9 1 0 0 6 0 0 0 0 0 0 0 0 0 0 0 0 0 0 0 0 0 0 0 0 1 0 0 11 0 1 9 24 26 0 0 2 1 7 8 5 31 0 0 9 0 0 0 5 8 4 6 0 0 8 9 0 1 3 2 2 5 7 0 0 53 0 0 0 0 0 3 0 11 0 6 0 3 0 0 5 1 0 0 2 27 0 1 51 7 12 2 0 0 0 0 7 0 0 0 1 0 97 142 49 8 8 13 6 0 0 9 41 0 0 0 0 0 0 0 1 6 0 0 0 0 0 0 0 0 48 93 17 0 0 0 23 35 1 0 0 0 0 0 0 5 12 1 0 0 11 7 17 0 0 0 0 28 18 0 1 30 8 0 0 0 0 0 0 3 1 0 0 0 0 0 0 0 0 0 24 0 5 0 0 0 0 0 0 0 0 0 0 0 0 0 1 7 0 0 0 4 1 10 0 0 2 6 10 0 0 0 0 0 0 0 0 0 0 1 20 44 19 0 11 0 5 0 0 25 1 0 5 14 39 14 0 0 0 0 0 5 0 2 7 7 5 0 0 0 0 12 38 0 36 0 8 0 33 0 0 0 0 0 0 0 9 0 0 0 0 0 6 0 0 0 0 34 69 39 20 47 11 0 0 0 0 0 2 5 0 0 0 0 1 15 0 0 0 10 11 8 0 0 0 0 0 0 0 0 0 0 0 0 0 7 0 0 2 2 0 0 0 0 18 49 0 1 0 6 16 0 0 5 0 0 1 0 0 40 1 0 0 0 0 0 0 0 0 18 160 19 3 0 0 0 0 0 0 0 0 4 0 19 1 5 1 0 0 0 1 0 0 7 1 3 0 7 11 0 0 6 0 0 0 8 0 0 0 8 0 1 80 47 5 0 0 22 1 0 25 3 0 7 0 0 0 0 0 0 7 0 14 0 0 0 0 0 1 0 0 0 0 0 0 0 0 0 0 0 0 0 0 0 7 0 0 0 7 41 6 0 0 1 0 42 18 0 0 0 0 0 0 0 0 0 0 1 9 0 0 1 2 107 33 0 1 0 1 3 0 11 6 0 18 0 0 0 0 0 0 6 19 3 1 0 13 4 1 0 0 24 2 5 30 24 1 9 51 0 0 0 0 0 0 0 16 6 8 14 10 51 0 0 57 15 6 0 28 26 14 0 0 0 0 0 0 0 0 0 20 34 10 0 0 13 0 6 0 19 20 24 3 1 0 8 6 12 0 0 0 0 0 0 0 0 1 0 7 0 0 0 5 0 8 0 5 7 3 36 20 0 0 0 0 0 6 0 3 0 0 0 1 0 0 7 0 4 0 72 0 1 0 2 8 0 0 0 0 0 9 0 3 0 0 0 10 78 11 1 8 21 7 5 0 0 0 0 0 0 0 0 0 0 0 0 0 23 22 0 0 0 78 47 9 4 11 21 1 0 1 0 4 0 0 0 0 0 0 0 8 8 0 15 6 6 0 0 9 0 0 49 67 5 4 10 0 0 0 0 0 0 1 2 0 0 0 0 0 0 0 0 0 0 0 0 0 0 0 0 0 0 0 0 0 0 0 0 0 0 1 10 85 13 0 0 0 1 0 70 7 10 6 0 0 0 3 0 0 0 1 0 14 22 51 6 1 0 27 51 1 12 2 2 15 6 0 0 1 5 1 0 0 0 0 5 11 3 5 10 6 0 0 0 0 6 1 0 0 0 0 37 5 7 0 0 0 0 0 0 1 11 0 0 0 45 7 1 0 0 0 0 5 6 0 0 0 0 0 0]

[Plaintext Block 7] (1024 values)
  - Data: [0 0 0 0 0 14 0 0 0 0 32 24 0 128 53 101 23 0 5 0 0 0 0 0 8 0 0 0 0 0 0 122 64 0 17 11 30 0 0 0 0 0 0 0 7 11 0 0 0 0 0 0 9 1 0 0 6 16 6 7 9 0 0 11 1 9 0 5 0 0 0 0 0 0 0 0 0 0 0 33 7 0 0 0 0 0 3 46 0 1 0 0 0 0 0 0 0 0 0 0 0 3 7 5 4 10 0 13 98 17 6 18 76 0 0 1 0 4 17 2 5 0 0 0 0 8 9 0 0 3 0 6 0 0 0 0 0 0 0 0 0 10 0 1 0 5 5 0 0 0 45 0 0 0 0 0 0 0 0 27 29 0 0 17 0 5 5 0 0 0 32 0 0 0 0 0 0 0 0 0 0 0 0 0 0 0 0 0 0 0 0 5 0 0 0 0 1 5 0 0 0 0 0 0 0 0 0 0 0 0 0 0 0 1 0 0 0 0 0 33 58 0 24 44 91 5 16 14 0 8 0 0 0 0 6 0 0 5 12 6 0 14 30 40 0 11 0 2 11 1 0 25 26 0 0 0 0 1 0 12 0 1 0 7 0 1 1 2 0 5 0 16 33 0 6 0 0 6 0 0 0 0 0 0 0 1 3 4 1 1 7 0 0 0 0 67 48 12 0 6 0 0 0 0 0 0 0 0 0 4 0 0 0 3 0 0 0 6 9 0 36 0 0 5 0 5 0 0 0 0 0 0 0 5 0 0 0 0 0 5 0 0 0 0 26 1 0 0 0 15 0 0 0 0 0 0 0 6 1 4 0 0 0 0 4 1 2 18 19 0 5 0 4 0 0 0 0 0 0 0 3 1 7 6 0 23 6 0 0 0 0 0 0 0 12 6 0 8 0 0 0 0 0 0 3 0 0 0 0 4 41 0 0 0 0 0 0 0 0 0 0 0 0 0 0 0 0 0 0 0 0 0 1 5 40 0 0 0 0 5 13 0 1 6 0 29 1 7 0 0 0 0 0 1 13 4 7 0 0 0 1 0 0 11 0 1 0 15 1 0 0 0 0 0 0 0 0 12 0 0 1 38 1 0 0 0 0 0 0 0 0 0 0 0 0 0 0 0 0 0 0 0 0 1 0 0 6 0 0 0 4 0 0 0 0 0 0 0 0 0 0 0 0 0 0 0 0 0 0 0 0 0 1 0 0 0 43 7 15 1 0 0 0 0 0 0 0 0 0 0 69 0 0 0 11 0 0 51 107 84 6 0 12 0 0 0 0 0 0 11 0 0 30 12 6 8 1 0 0 0 0 5 0 2 1 0 0 0 0 0 0 7 0 0 0 1 5 8 0 8 1 9 0 0 5 4 0 0 6 7 0 22 0 0 0 0 0 0 7 0 0 5 1 0 5 0 0 2 0 0 0 0 0 11 0 0 5 4 0 0 0 0 0 0 0 5 0 44 0 1 40 4 0 5 0 0 11 6 0 6 6 2 0 0 0 0 0 0 0 10 3 0 0 0 8 0 0 0 0 0 1 6 0 50 39 0 0 0 0 0 0 0 0 3 9 0 0 0 0 17 8 0 0 0 0 0 0 0 0 0 0 0 0 0 0 0 0 0 21 0 0 8 0 0 0 83 91 6 0 5 5 0 1 0 0 0 0 0 0 0 0 16 12 0 2 20 0 10 6 31 33 39 25 39 7 8 0 0 0 0 0 0 7 4 0 0 15 21 44 7 0 0 0 0 3 6 9 1 2 0 0 0 0 0 0 0 0 0 0 6 1 4 8 0 0 0 1 0 0 7 10 35 1 0 40 0 0 6 0 0 4 26 0 0 8 0 0 3 0 0 0 0 35 0 0 0 0 0 0 0 0 0 0 0 0 0 0 1 11 6 1 0 0 0 10 10 0 0 0 30 0 1 0 0 0 0 0 0 1 0 0 8 9 0 0 0 0 0 0 0 0 0 0 0 0 0 0 0 0 0 0 1 6 0 0 0 0 17 1 8 5 0 0 0 0 0 0 0 0 0 0 0 0 0 1 0 0 0 0 0 0 0 0 0 0 0 0 0 0 0 0 0 0 0 0 0 9 0 0 1 4 1 0 0 2 6 0 15 7 0 0 0 0 0 0 0 4 5 7 1 0 0 1 0 52 100 5 6 23 10 31 0 0 0 0 0 0 0 0 9 0 5 0 1 9 0 0 0 0 1 0 23 6 0 19 0 0 0 0 0 0 0 0 6 0 8 0 0 0 9 0 1 4 1 0 0 6 4 0 0 0 0 0 0 0 0 0 1 29 69 5 0 0 0]

[Plaintext Block 8] (1024 values)
  - Data: [0 0 0 0 45 0 0 0 10 9 0 0 0 4 0 0 0 4 8 7 0 1 0 0 0 0 0 1 0 17 12 0 0 0 0 0 0 0 0 6 0 1 3 103 25 0 0 1 0 0 0 0 0 49 12 2 0 0 0 0 0 0 0 0 7 0 1 57 23 33 12 9 0 0 8 7 0 7 0 0 19 0 0 0 0 0 0 0 20 0 0 0 2 5 0 0 5 0 0 5 0 0 4 0 0 0 0 0 1 6 0 0 0 2 0 0 0 57 0 0 0 0 33 0 10 0 0 0 0 0 0 0 4 0 0 0 0 0 1 0 0 0 0 1 39 30 7 1 1 30 0 0 0 0 0 0 5 3 1 4 49 28 0 0 0 0 53 44 0 0 7 5 0 0 0 0 0 0 0 0 0 0 6 6 0 0 13 2 0 0 0 0 0 1 0 0 0 0 0 0 0 0 0 0 0 0 0 0 0 0 0 0 0 0 0 0 55 11 5 0 0 0 0 0 0 0 0 0 6 0 0 6 6 1 4 0 12 122 28 0 0 0 0 38 44 0 0 0 0 0 7 0 0 0 0 10 6 10 12 0 1 0 0 0 1 0 2 0 19 0 10 0 0 0 0 0 0 4 0 0 0 7 8 0 0 0 5 1 0 0 5 0 0 0 0 0 7 0 0 0 0 0 0 0 0 0 13 0 0 52 0 0 0 0 0 0 0 0 0 0 0 0 0 0 0 0 0 0 0 0 0 0 0 0 0 1 0 0 0 0 0 0 0 0 0 0 0 0 0 0 1 0 0 0 0 11 0 66 41 0 4 1 2 15 16 9 0 0 0 0 0 0 1 8 0 0 0 0 0 0 0 1 0 0 0 0 0 0 0 0 0 0 0 0 0 0 1 9 5 1 0 0 0 8 26 1 0 0 9 1 0 6 0 0 0 0 5 7 0 0 0 0 0 6 6 8 1 0 26 130 12 45 42 3 0 34 11 0 1 0 0 0 0 0 0 7 0 1 0 1 1 0 0 1 0 0 25 9 1 29 51 0 0 0 0 0 0 0 0 9 0 4 0 0 1 9 0 1 5 18 7 0 1 4 3 0 0 0 0 5 0 0 5 0 2 41 3 0 0 0 0 0 0 0 0 0 0 0 0 0 0 0 0 0 0 0 0 0 0 0 1 0 0 0 0 5 7 11 12 0 3 2 4 0 0 0 0 0 0 0 0 14 0 0 0 0 24 1 0 0 0 4 0 6 9 0 1 0 0 0 0 0 0 0 0 6 0 0 0 0 0 0 0 0 0 0 0 0 0 0 0 0 0 0 0 0 0 0 0 0 1 0 0 0 0 0 0 2 22 0 0 0 0 0 0 0 0 13 0 0 0 0 0 0 10 11 0 0 0 0 0 23 30 15 0 6 0 0 5 24 0 0 0 0 0 0 2 8 18 51 66 30 37 1 0 0 3 0 0 0 26 0 4 5 0 0 0 0 0 0 8 16 2 0 0 0 0 0 0 0 78 2 10 14 0 0 0 0 0 0 0 0 0 0 0 0 7 16 23 3 0 0 1 0 0 0 0 9 6 2 0 0 0 0 0 6 0 0 0 0 0 1 0 0 0 0 17 40 3 5 0 0 4 20 0 0 0 1 16 0 0 0 0 0 19 0 0 0 0 0 0 0 6 84 44 17 16 8 32 0 0 0 0 0 0 0 0 0 0 9 5 9 10 3 1 10 0 0 0 14 0 7 0 2 0 0 0 0 0 0 0 18 0 0 0 0 6 16 0 0 4 3 9 4 5 2 0 5 0 0 0 7 0 0 0 7 0 0 0 0 9 0 0 0 9 1 0 7 6 10 11 0 0 0 0 0 0 3 8 0 0 0 0 0 0 0 0 0 0 0 41 41 0 0 0 0 0 0 0 0 0 0 0 0 0 7 0 6 0 0 0 98 47 0 0 0 0 0 0 0 0 0 0 0 0 0 0 0 0 0 0 0 0 0 0 0 0 0 0 0 0 0 0 0 0 0 0 0 0 0 0 0 20 1 0 0 10 11 4 7 3 0 20 0 0 0 0 0 0 0 0 0 4 8 6 2 0 0 0 1 20 32 12 36 0 0 0 21 7 0 0 0 0 0 0 10 0 0 0 0 7 0 0 0 0 2 12 31 0 0 14 4 25 0 9 0 0 0 0 11 0 0 0 0 17 1 0 1 0 0 18 0 4 3 0 1 0 0 0 0 0 0 0 0 17 41 34 0 0 0 0 0 30 1 15 26 0 0 0 0 5 0 0 0 0 0 0 9 8 0 44 8 11 0]

[Plaintext Block 9] (1024 values)
  - Data: [0 0 0 0 0 0 0 0 0 0 0 0 0 0 0 0 0 0 0 0 0 0 0 0 0 0 0 0 0 0 0 0 0 0 0 0 0 0 0 0 0 0 0 0 0 1 0 0 0 0 0 0 0 0 5 10 0 6 0 0 0 0 0 0 0 34 8 1 0 10 0 0 7 0 4 57 0 0 6 8 0 0 1 0 0 0 0 0 0 11 0 0 0 5 9 0 2 0 8 0 7 0 0 14 9 12 0 0 0 0 3 0 0 6 0 0 0 0 1 7 0 0 0 4 30 117 12 1 26 0 0 0 0 0 0 0 0 0 0 28 8 0 0 0 0 18 0 0 0 6 0 10 0 0 0 0 0 0 0 0 0 0 5 6 58 31 6 0 0 1 0 86 48 17 9 2 4 0 0 0 0 0 0 0 0 21 12 0 0 1 0 0 0 0 0 0 0 0 0 0 0 0 0 0 0 0 0 0 0 0 0 0 0 0 25 42 0 4 5 0 0 12 6 20 1 2 0 0 0 0 0 0 0 6 41 0 4 38 30 0 0 1 131 121 0 11 19 0 0 2 0 0 0 0 0 0 0 6 0 0 1 5 10 1 0 0 0 9 0 0 1 13 4 0 1 0 0 0 0 0 0 9 0 0 0 0 0 0 0 0 15 49 4 6 0 1 0 0 0 0 0 0 0 0 0 0 0 0 0 33 38 0 41 5 0 0 0 8 10 1 0 6 0 0 0 0 0 0 0 0 7 0 22 5 56 1 0 0 0 0 0 0 0 0 0 0 0 0 0 0 0 0 0 0 0 0 0 0 0 0 0 0 0 0 0 0 0 0 0 0 0 0 0 0 0 0 0 0 0 0 1 1 0 0 0 0 0 0 19 0 4 4 13 0 0 0 0 0 0 0 0 0 13 1 8 0 0 0 0 9 2 7 1 0 2 95 0 6 0 0 0 0 0 0 0 24 41 0 0 13 16 46 13 10 47 0 0 7 9 6 0 0 0 1 0 0 0 0 0 6 7 0 0 0 8 4 0 0 1 0 41 0 0 5 0 0 1 0 6 0 0 0 5 0 0 16 0 0 0 1 4 0 1 0 0 0 0 0 0 0 0 0 1 0 0 44 13 0 0 23 6 0 0 0 0 0 0 0 0 0 0 0 0 0 0 0 0 0 0 0 1 0 0 0 0 0 0 0 0 0 0 0 0 0 0 0 0 0 0 0 0 0 0 0 0 0 26 1 0 0 0 0 0 0 8 8 4 0 15 0 0 0 0 0 0 1 0 17 40 5 0 0 0 0 0 1 0 0 0 0 0 3 0 0 4 0 0 10 9 0 0 0 0 0 0 0 0 5 0 0 0 9 0 0 0 0 0 0 0 9 6 65 0 0 17 0 0 0 0 0 0 0 0 0 0 0 0 0 0 0 0 0 0 0 0 0 0 0 12 0 0 0 0 0 0 0 0 0 0 0 0 0 0 0 0 0 0 0 0 0 0 6 0 0 0 0 0 0 0 0 0 0 0 0 0 0 0 0 0 0 0 0 0 0 0 0 0 27 19 24 0 49 13 0 6 2 0 0 0 0 0 7 49 6 9 0 21 0 0 0 6 0 0 0 0 0 0 0 0 0 0 0 0 0 0 0 0 0 0 0 0 8 8 4 6 0 0 0 0 0 0 0 0 0 0 0 0 0 0 0 0 0 1 4 0 0 0 0 0 0 0 5 3 2 0 5 0 0 0 0 0 0 0 0 0 0 0 16 0 0 0 0 0 0 0 0 0 0 0 0 0 0 0 0 0 0 0 0 0 0 0 0 0 0 0 0 5 0 0 0 15 13 3 16 0 9 0 5 0 0 0 0 0 1 0 6 0 0 0 6 14 0 3 0 0 10 19 0 0 12 0 0 0 0 0 0 0 0 0 11 42 116 18 28 6 9 0 0 0 5 55 8 0 0 0 0 0 0 0 0 0 0 1 4 27 36 0 80 47 4 10 14 0 0 0 0 0 0 0 0 0 0 0 0 0 0 0 0 0 0 0 0 0 0 0 0 0 0 0 0 0 0 0 0 0 0 1 2 0 5 6 0 10 0 0 0 13 8 0 1 11 0 5 0 3 3 0 0 0 0 5 9 4 0 85 22 12 1 9 18 0 0 0 0 0 0 0 0 0 0 0 0 0 0 0 0 0 0 0 0 0 0 6 7 0 0 10 20 8 0 5 0 0 0 0 0 0 0 0 0 24 32 11 0 0 0 4 0 2 0 0 0 2 1 0 0 0 0 0 0 5 0 0 0 0 0 1 0 0 0 0 0 7 52]

