=====================================================
         Household Attack Verification Log - Household-Level 
=====================================================

Attack Run: 1
Current Encryption Ratio: 0.10
Leaked From Household: 93303633-fdc8-4139-907e-7388d1b92ed5.csv
Leaked From Raw Data Start Index: 8243
Attack Result: FAILURE

--- Attacker's Data Block (Size: 48) ---
[0 0 0 0 0 0 0 0 0 0 0 0 0 0 0 0 0 0 0 0 0 0 9 0 0 0 0 0 0 0 0 0 0 0 0 1 0 0 0 0 18 31 3 0 0 0 0 15]

--- Source Household Data State (ID: 93303633-fdc8-4139-907e-7388d1b92ed5.csv) ---

Total Blocks: 10
Encrypted Blocks (not searchable by attacker): 0 to 0
Plaintext Blocks (searchable by attacker): 1 to 9

[Plaintext Block 1] (1024 values)
  - Data: [3 3 6 4 3 2 1 1 1 0 1 2 9 76 1 1 2 10 2 3 3 3 2 3 3 36 74 3 2 2 1 1 1 0 2 1 2 2 2 2 80 11 9 7 7 6 5 5 5 5 5 4 4 3 1 1 2 8 2 1 3 3 3 4 3 2 82 3 2 39 41 2 2 3 3 2 2 2 1 0 1 1 1 1 3 1 2 29 63 2 2 3 4 6 2 4 3 15 9 3 2 3 1 1 0 1 1 1 69 3 3 2 2 3 2 3 3 3 27 24 3 2 3 3 4 1 2 1 0 1 1 1 3 2 75 3 2 4 3 24 4 2 2 2 2 16 3 9 26 70 1 1 1 0 1 2 63 4 2 1 3 3 28 31 3 3 3 5 7 3 4 11 3 2 0 1 1 1 1 3 20 75 3 30 23 4 2 3 10 9 2 4 2 3 5 2 3 8 2 1 0 1 1 1 2 7 2 8 79 3 34 3 17 4 2 3 3 2 3 3 9 2 1 1 1 0 2 0 2 9 3 7 2 72 3 3 3 3 3 3 3 9 11 3 92 2 1 1 0 1 1 2 58 17 2 2 2 2 3 3 9 9 16 2 3 2 5 3 2 2 2 0 1 1 1 8 63 11 3 2 3 3 3 3 3 3 2 22 13 19 10 3 4 2 1 0 1 2 1 1 2 2 3 71 2 10 3 9 10 2 3 2 3 3 2 12 2 1 1 1 0 1 1 2 88 2 3 3 2 3 4 54 10 2 2 10 3 2 3 2 2 2 1 1 0 1 1 2 2 3 3 2 3 3 3 10 7 3 2 9 10 2 3 3 2 2 1 1 1 0 1 1 2 2 2 2 2 2 3 3 3 3 2 3 2 3 2 2 3 1 2 1 1 1 0 1 1 13 2 2 1 3 2 17 3 3 2 42 3 2 3 3 2 2 1 0 1 1 1 2 2 4 2 2 2 3 3 3 3 12 2 3 3 2 5 4 3 2 2 0 1 1 1 1 3 56 3 2 2 3 3 3 3 2 2 3 24 3 2 3 3 2 1 1 2 0 2 3 2 9 2 20 36 3 61 3 12 3 35 5 99 3 11 2 2 0 1 1 1 2 78 17 2 2 2 3 5 30 21 2 2 3 3 11 11 2 4 2 2 2 1 3 0 2 46 21 2 39 29 3 3 3 18 45 9 2 3 2 2 3 2 2 9 1 1 0 1 2 3 134 32 2 101 7 3 3 11 6 4 3 19 4 3 2 3 3 2 1 0 1 1 1 1 2 4 2 2 71 32 4 11 2 7 3 3 3 2 4 3 2 1 1 0 0 1 2 48 5 2 2 3 3 2 4 10 2 2 3 3 17 4 10 2 2 1 1 1 2 1 1 23 37 3 2 3 2 3 4 3 3 2 3 3 29 3 3 4 2 1 1 1 1 1 1 3 66 2 2 2 2 91 45 10 3 3 3 2 3 6 3 3 2 1 1 0 1 1 2 85 2 2 3 2 3 10 58 1 6 4 2 3 2 3 3 2 2 2 1 1 0 1 1 3 2 2 2 3 2 10 3 4 3 3 2 3 3 3 3 2 2 2 1 0 2 1 1 2 2 3 3 2 2 9 2 4 3 2 3 3 2 3 1 2 3 1 1 1 1 1 1 2 2 2 2 2 3 2 3 3 3 2 3 3 3 3 3 9 2 1 1 1 0 1 72 3 2 2 3 2 3 3 6 3 3 22 3 2 2 5 5 4 2 1 1 0 1 2 1 66 2 3 2 2 2 4 4 5 2 4 4 5 4 5 3 5 58 1 0 1 1 1 1 6 7 6 82 6 4 2 6 6 20 4 12 4 4 4 4 3 8 3 2 1 1 0 2 1 12 5 33 34 50 16 3 3 2 2 3 2 2 2 2 2 3 1 0 1 0 1 0 2 15 33 25 0 66 24 6 0 13 0 1 0 1 10 93 2 0 0 0 0 0 0 0 0 1 26 64 32 0 0 0 0 0 0 46 1 7 0 0 13 0 0 0 0 0 0 0 0 0 7 4 77 0 9 7 7 0 0 0 0 0 6 0 2 0 0 0 0 0 0 0 12 61 0 0 0 0 0 0 0 7 6 9 0 0 27 5 0 108 0 0 0 0 0 0 0 0 70 0 7 17 1 10 0 7 0 0 1 0 0 0 0 0 0 0 0 0 0 0 0 0 7 0 20 0 6 0 0 0 0 0 0 8 0 0 0 0 0 0 0 60 0 0 0 0 3 59 13 0 7 27 21 1 2 0 0 0 0 2 0 0 0 0 35 67 0 0 0 0 0 0 0 0]

[Plaintext Block 2] (1024 values)
  - Data: [7 0 0 7 0 14 8 0 0 0 0 0 0 0 0 0 0 14 61 0 0 0 0 0 0 0 0 0 0 0 0 0 0 0 0 0 0 0 0 0 0 0 0 0 0 0 0 0 0 0 0 0 0 0 0 0 0 0 0 0 0 0 0 0 17 0 6 0 21 0 0 0 1 0 0 0 1 0 0 0 0 0 0 0 0 0 65 0 0 0 0 0 0 0 0 24 0 0 0 0 0 0 0 0 0 0 0 0 0 1 0 22 33 0 32 58 0 11 4 0 3 0 0 16 4 2 0 0 0 0 0 0 0 0 95 1 2 76 6 54 34 9 6 0 0 1 8 0 24 3 7 0 0 0 0 0 0 0 0 8 9 86 70 6 11 0 0 0 1 8 0 63 2 1 0 1 0 0 0 0 0 0 1 0 129 43 11 0 7 0 8 8 7 1 14 6 7 0 9 6 0 0 0 0 0 0 0 0 1 49 0 92 19 21 6 0 16 0 0 0 1 0 0 5 0 0 0 0 0 0 0 0 70 5 0 0 6 0 0 7 0 0 0 0 0 2 0 14 0 1 0 0 0 0 0 6 1 28 7 80 9 2 0 0 0 0 8 110 0 0 0 0 0 0 0 0 0 0 0 0 6 26 0 52 2 0 0 0 0 0 1 6 9 0 0 0 0 0 0 0 0 0 0 72 1 21 0 14 47 28 0 0 0 7 108 0 0 9 7 0 0 0 0 0 0 0 7 0 79 6 0 1 24 1 0 0 0 0 0 7 0 0 0 0 0 0 0 0 0 0 0 0 1 0 0 0 7 0 0 0 7 0 0 111 0 0 0 0 0 0 0 0 7 0 0 1 20 33 0 1 0 0 0 0 0 0 7 0 1 1 0 0 0 0 0 0 0 0 3 77 33 6 87 14 20 0 1 6 1 7 5 0 2 0 0 0 10 0 0 0 0 0 61 0 0 107 3 0 1 0 0 6 0 0 7 0 0 2 7 0 0 0 0 0 0 0 1 96 36 0 8 6 0 5 0 0 0 0 10 27 0 2 0 0 0 0 0 0 0 0 56 7 0 0 0 7 1 0 0 3 19 0 46 14 0 0 0 0 0 0 0 0 0 0 7 19 58 27 0 0 5 8 13 0 0 0 9 0 2 0 0 0 0 0 0 0 0 0 0 72 38 7 0 12 13 9 0 2 0 0 0 8 0 0 491 0 0 0 19 7 8 5 0 0 0 21 0 7 0 0 7 0 0 0 0 1 0 0 34 16 0 0 0 8 32 5 0 0 1 0 0 2 0 0 0 0 0 0 0 0 0 0 0 0 0 0 73 0 1 0 14 1 6 15 3 0 0 0 0 0 0 0 0 0 0 0 0 0 0 0 0 0 0 0 36 0 0 0 0 0 0 0 0 0 0 0 0 0 7 0 0 0 0 0 0 0 8 5 104 5 0 0 0 8 0 0 0 0 0 0 0 5 39 33 17 34 0 5 0 0 0 11 0 0 0 5 0 7 0 0 0 0 1 85 0 0 14 0 0 0 0 0 0 0 0 0 0 0 0 0 0 0 0 0 0 0 0 0 0 6 0 0 0 0 0 0 0 0 0 0 7 9 0 0 0 0 0 0 0 0 0 62 0 5 14 7 0 12 2 21 0 5 0 0 0 2 0 0 0 0 0 0 0 0 0 1 9 15 16 97 0 0 1 0 0 2 31 24 0 0 13 9 0 0 0 0 0 0 0 0 0 8 33 98 0 71 0 0 1 0 6 0 13 0 0 2 0 0 0 0 0 0 0 0 0 62 5 15 77 8 0 0 1 11 0 8 0 0 3 0 0 0 0 0 0 0 44 35 0 0 0 0 0 0 7 23 1 0 29 0 0 1 0 0 2 0 0 0 0 0 5 59 0 0 0 1 0 0 0 10 1 2 0 11 0 0 0 0 0 0 0 0 0 0 0 0 0 7 0 0 27 19 61 59 37 0 0 0 8 1 0 11 0 0 0 0 0 0 0 45 6 1 0 0 6 46 4 0 0 0 0 0 6 11 19 0 0 0 0 0 0 8 0 26 0 77 0 1 0 0 0 10 4 0 12 24 18 4 0 0 0 0 0 0 0 0 0 0 0 3 3 11 10 0 1 0 0 0 0 0 0 0 3 6 0 0 0 0 0 0 0 0 0 0 0 7 6 1 6 0 0 0 0 7 90 0 0 2 0 0 5 0 0 0 2 6 80 0 0 0 2 3 0 0 1 7 0 0 22 13 3 1 0 0 7 0 0 0 0 67 14 2 8 0 0 0 0 0 6 0 0 11 0 8]

[Plaintext Block 3] (1024 values)
  - Data: [75 0 0 0 0 0 0 0 1 60 0 0 0 1 0 38 12 1 0 9 0 0 6 10 3 0 0 0 0 0 0 0 0 6 85 22 1 0 6 18 27 0 0 13 0 0 57 0 8 0 0 0 0 0 0 0 71 0 0 0 0 0 0 0 1 0 1 10 0 4 0 1 6 1 0 0 0 0 0 0 9 4 2 0 1 0 0 0 0 0 7 6 0 0 0 0 0 0 0 0 1 0 0 34 0 12 0 -26 1 13 0 82 1 0 0 0 0 0 0 0 72 0 0 0 0 0 0 0 0 6 29 0 9 6 7 9 8 0 0 0 0 0 0 0 0 82 0 0 0 7 2 7 0 0 0 0 2 0 0 0 0 0 0 0 0 0 0 0 0 0 34 21 0 18 6 0 9 41 13 0 0 0 0 1 1 0 5 0 0 0 0 0 8 8 0 77 0 5 79 6 0 0 0 9 0 1 0 0 0 0 0 0 0 0 0 1 71 0 0 0 0 0 0 0 1 0 6 0 0 0 0 2 0 0 0 0 0 0 0 0 0 45 37 0 0 0 0 0 0 0 0 0 0 0 0 1 0 0 0 0 0 0 0 0 0 24 32 8 0 0 7 108 0 0 0 0 40 23 7 7 9 0 0 0 0 0 0 3 81 9 3 40 14 0 0 11 13 0 0 18 0 3 2 1 0 0 0 0 0 0 0 0 68 0 0 0 12 8 9 18 8 3 0 0 0 0 1 75 0 0 0 0 0 0 0 1 72 0 0 0 1 6 0 0 6 0 0 0 0 80 0 3 0 0 0 0 0 0 0 0 65 0 8 0 38 6 15 6 0 7 0 7 1 0 0 2 0 0 0 0 0 1 0 1 65 0 0 0 0 0 0 6 22 26 0 0 0 0 0 2 0 0 0 0 0 0 0 0 0 7 0 98 24 36 17 26 0 0 0 0 0 0 0 0 1 8 0 0 0 4 0 0 0 0 0 37 88 19 10 1 61 9 0 0 0 1 3 8 2 0 0 0 0 0 0 0 38 0 0 0 0 12 6 0 73 0 0 0 0 10 18 7 0 0 1 0 0 0 0 0 43 0 0 0 0 0 0 0 7 0 0 0 7 0 0 0 0 0 0 0 0 0 0 0 0 0 11 0 0 0 0 0 0 21 0 0 0 0 0 0 0 0 0 0 0 0 0 0 0 10 0 0 15 48 38 34 28 28 25 0 14 0 0 0 0 0 0 0 0 0 0 0 0 0 16 0 0 0 9 0 0 8 23 0 0 8 1 0 0 0 0 0 0 0 0 6 0 0 0 3 0 0 0 0 0 0 0 0 0 0 0 0 0 0 0 0 0 0 0 0 0 0 1 0 0 0 0 0 0 0 0 0 0 0 0 0 0 0 0 0 0 0 0 24 31 0 0 0 0 0 1 0 0 7 0 0 2 0 0 0 0 0 0 0 0 0 37 32 0 0 0 0 0 0 0 0 0 0 63 0 7 1 8 0 0 0 0 0 0 0 0 45 0 1 0 1 67 7 13 0 0 82 2 0 0 0 0 18 0 0 0 0 0 0 14 0 56 21 1 4 3 66 41 9 0 1 7 0 0 1 0 0 0 0 65 30 6 17 85 -102 181 -181 181 -181 13 183 0 0 -15 15 -15 6 9 0 0 0 0 0 7 0 49 0 16 22 5 0 49 1 23 8 0 2 0 0 0 0 0 0 0 0 0 0 0 6 65 0 0 1 30 0 0 0 0 0 0 0 0 8 0 0 0 0 0 0 0 48 7 0 0 0 0 0 0 0 0 8 1 0 0 0 0 0 0 0 0 0 0 0 0 0 0 0 0 1 0 5 0 6 0 0 0 6 0 0 2 0 0 0 0 0 0 0 0 0 14 34 1 0 0 1 0 0 7 8 28 5 1 7 0 0 0 0 0 0 0 0 0 8 56 0 0 0 3 111 80 12 0 0 0 1 83 1 2 0 0 0 0 0 0 0 0 0 80 31 1 0 0 1 0 0 16 38 20 0 1 0 0 0 0 0 0 0 0 0 0 0 0 0 0 0 0 122 0 0 25 0 6 16 8 0 0 0 0 0 0 0 0 5 0 22 1 14 0 6 3 2 0 0 0 0 0 0 73 0 0 1 0 0 0 0 0 0 8 0 0 0 0 0 0 0 0 0 0 0 0 59 8 4 7 6 5 0 0 0 0 1 0 7 1 0 0 0 14 11 1 0 0 0 2 0 59 1 0 0 0 0 0 0 0 0 0 6 0 0 0 0 0 0 0 0 3 9 0 0 0 18 0 0 1 0 0 0 0 0]

[Plaintext Block 4] (1024 values)
  - Data: [0 3 0 0 0 0 2 73 5 0 2 0 0 0 6 0 2 0 0 0 0 0 1 0 0 9 0 0 0 0 0 0 0 13 0 0 0 13 85 6 4 0 1 0 0 0 0 0 0 7 73 1 0 7 0 0 7 0 0 0 0 40 10 31 0 16 2 0 0 0 7 0 0 7 1 43 37 4 70 9 3 6 52 7 0 6 84 8 1 0 15 0 0 0 0 0 0 8 0 7 1 50 7 23 0 7 16 1 68 1 0 74 0 0 7 0 8 0 0 0 0 124 5 35 10 0 1 1 12 6 0 0 12 9 0 0 0 1 0 0 0 0 0 0 0 17 0 1 63 0 2 11 17 4 0 0 1 0 0 10 9 0 1 0 0 0 0 0 22 0 0 9 32 0 8 47 1 0 1 0 0 0 1 0 0 58 0 0 0 0 0 0 0 0 1 10 0 66 32 0 0 0 0 0 0 0 0 0 0 10 1 0 0 0 0 0 0 2 0 7 7 65 18 0 0 1 1 0 0 0 0 0 0 16 0 3 0 0 0 0 0 0 0 7 20 56 8 14 0 0 0 0 0 0 84 0 2 0 0 0 0 0 0 0 11 7 59 0 0 0 0 22 0 7 0 0 20 1 2 0 4 0 0 0 0 0 0 0 1 7 3 7 0 46 0 0 3 1 0 1 1 0 1 85 1 7 0 0 0 0 0 0 7 54 0 1 0 0 0 0 0 7 2 0 12 0 0 2 2 0 0 0 0 0 0 0 7 44 2 0 0 3 5 44 33 15 14 1 1 1 0 1 8 0 0 0 0 0 0 0 7 11 9 0 0 63 16 0 0 0 0 0 0 0 1 7 1 0 0 0 0 0 0 0 15 0 2 0 9 64 23 14 6 0 0 0 29 2 0 0 7 9 0 0 0 0 0 0 0 0 0 7 9 70 1 33 18 0 14 1 0 0 96 2 1 0 0 0 0 0 0 0 14 8 0 1 0 20 0 95 13 70 40 1 0 88 0 0 9 0 0 0 0 0 0 0 6 16 20 34 17 72 0 0 0 0 0 7 0 0 1 1 1 8 0 0 0 0 0 0 7 2 0 0 0 62 0 0 0 23 1 0 0 65 0 0 9 8 0 0 0 0 0 0 7 17 0 0 0 1 2 31 0 1 8 5 32 54 0 1 2 8 0 0 0 0 0 0 7 11 5 1 24 89 4 0 0 10 5 0 1 123 2 0 0 0 9 0 0 0 0 0 1 0 0 7 0 61 2 8 5 36 0 16 117 11 35 8 0 0 1 0 27 0 0 0 6 0 6 0 52 0 2 1 0 83 7 0 0 0 0 0 8 0 0 0 0 0 0 0 9 15 0 0 0 0 0 0 0 0 0 0 0 0 0 0 0 0 0 0 0 0 0 0 15 4 0 0 0 0 0 0 0 0 0 36 0 0 0 0 0 0 0 0 0 0 0 0 0 0 0 0 0 0 0 6 0 0 0 0 0 0 0 0 8 0 0 0 0 0 0 0 7 4 0 0 0 0 0 25 17 0 0 0 0 0 0 3 0 7 0 0 0 0 0 0 8 4 0 0 0 0 0 0 0 0 0 0 0 0 7 1 0 0 0 0 0 0 0 6 0 0 0 0 9 6 0 0 0 0 0 0 0 0 2 0 0 0 0 0 0 0 0 0 0 0 0 0 0 0 0 0 0 0 0 0 0 0 0 9 0 0 0 0 0 0 0 0 24 7 0 0 0 1 0 0 0 0 0 0 0 0 0 0 0 0 0 0 0 7 0 0 7 14 0 0 1 0 0 0 0 0 0 0 0 0 0 0 10 0 0 0 0 0 0 0 3 2 0 0 0 0 0 0 0 0 4 14 15 0 7 1 65 3 0 0 0 0 0 0 21 8 0 24 37 39 44 55 0 8 0 6 57 94 45 5 10 1 10 0 0 0 0 0 0 32 0 0 27 0 63 35 0 6 2 8 0 7 79 6 0 2 0 0 0 0 0 0 0 0 15 5 54 0 30 10 26 0 7 0 7 1 1 0 3 12 0 0 3 0 6 0 0 0 0 13 21 3 70 23 89 0 0 8 7 0 1 0 5 0 2 0 0 0 0 0 0 0 0 31 0 29 104 22 16 31 0 8 66 3 6 67 7 6 0 0 0 0 0 9 0 0 14 8 18 72 25 0 1 0 0 7 0 0 0 0 1 0 0 0 0 0 0 0 0 0 0 0 0 0 0 0 14 0 33 0 0 0 0 0 0 0 0 0 0 0 0 0 0 0 0 0 0 0 7 28 9 0 0 0 1 8 70 1]

[Plaintext Block 5] (1024 values)
  - Data: [1 7 0 0 0 0 0 0 0 46 7 19 29 0 3 11 24 9 0 9 44 0 53 7 0 0 3 7 0 0 1 0 0 0 14 13 0 0 0 26 20 36 17 0 0 0 0 0 31 0 0 0 34 0 0 0 0 1 0 13 57 0 8 10 48 10 0 0 0 0 45 0 5 8 14 0 0 0 0 0 1 0 8 23 84 9 0 0 20 7 0 31 2 58 0 0 1 0 1 0 0 0 10 0 0 0 0 0 0 11 12 4 24 9 11 0 6 0 43 0 9 0 0 0 0 0 0 0 0 7 10 7 0 0 2 22 29 12 2 0 1 0 0 82 1 28 1 0 0 1 0 0 0 0 1 14 3 0 13 62 35 2 1 23 0 0 0 0 0 0 0 0 0 0 0 0 6 0 1 6 0 0 1 12 9 1 0 11 0 0 5 60 2 7 0 0 0 0 0 0 0 0 26 24 6 1 8 1 0 7 1 29 8 0 0 0 0 0 0 9 10 0 0 0 0 6 0 7 1 18 0 0 57 89 9 0 0 8 0 0 1 1 0 0 0 0 0 0 0 0 1 69 18 11 13 28 2 54 0 30 55 0 0 0 12 2 0 0 0 0 0 0 0 0 33 89 0 0 2 0 3 0 22 1 0 0 0 0 18 0 0 0 0 0 0 0 0 9 0 27 5 0 4 21 11 7 15 0 7 0 0 0 20 4 0 0 0 0 0 0 0 7 0 93 2 1 38 1 91 8 1 3 0 1 0 1 2 3 9 0 3 0 0 0 0 2 11 0 0 10 34 21 18 7 72 66 0 7 8 0 1 0 0 0 0 0 0 0 29 0 0 0 42 1 1 0 0 0 0 0 0 1 0 0 0 0 0 0 0 0 0 0 0 0 1 0 0 0 0 1 0 0 0 0 1 0 3 0 0 0 0 0 0 0 0 0 0 10 0 15 1 0 0 24 5 7 11 6 1 0 9 0 8 9 0 0 0 11 0 0 0 1 33 41 86 20 1 25 3 1 0 0 39 8 0 1 23 0 0 0 7 0 0 0 0 0 42 57 1 0 1 26 9 77 1 0 1 36 0 0 1 8 0 0 13 0 0 0 14 1 0 7 48 0 13 75 18 0 1 2 0 0 7 1 0 1 0 0 0 0 0 22 0 1 7 1 0 0 7 29 77 79 4 1 0 1 0 15 1 3 7 0 0 0 0 0 6 13 8 68 1 0 7 1 7 80 0 8 0 0 1 0 0 1 0 83 0 0 0 0 0 0 1 22 34 2 19 13 22 2 1 8 17 24 2 0 1 8 0 0 0 0 0 0 9 0 1 4 4 5 84 13 1 14 9 0 33 13 0 0 8 2 0 0 0 0 0 0 8 61 2 1 0 1 0 0 0 0 0 1 0 0 0 0 0 30 6 0 0 0 1 0 0 6 1 36 65 6 1 6 77 7 12 8 1 69 0 8 3 1 0 0 0 0 0 0 0 14 7 0 74 0 4 21 5 49 33 7 12 0 2 94 3 0 0 0 0 0 0 0 14 0 0 1 1 0 79 1 1 11 109 0 38 0 0 1 1 0 0 2 0 0 0 0 0 17 0 10 6 0 1 27 8 0 74 7 0 0 0 1 0 1 0 0 0 0 0 13 0 10 17 13 13 13 9 15 8 6 6 62 72 1 1 0 2 0 0 0 0 0 0 0 0 2 55 6 1 0 1 0 22 2 5 27 49 1 2 1 30 1 0 0 0 0 0 0 3 30 6 3 4 88 1 0 2 7 4 0 8 15 6 7 0 7 0 0 0 0 0 0 1 129 0 2 22 4 72 6 9 0 7 0 1 7 1 0 0 0 0 0 0 0 0 0 1 0 1 0 1 0 5 15 6 0 1 1 8 0 0 1 0 0 0 0 0 1 0 0 0 0 1 24 7 0 21 9 9 1 0 1 0 0 1 9 0 0 1 0 0 0 0 0 0 1 0 1 0 1 0 16 38 74 15 0 8 0 0 2 0 0 0 0 0 0 0 0 0 1 0 1 1 1 1 53 0 7 0 1 19 44 1 0 8 0 7 0 0 0 0 0 1 11 3 0 1 7 2 0 1 2 15 7 48 1 3 1 0 0 0 0 0 0 7 0 1 78 33 0 7 0 7 2 63 2 0 1 1 1 2 0 8 0 0 0 0 0 0 0 0 1 87 0 2 10 7 1 54 1 44 27 0 8 0 7 3 0 0 0 7 0 0 0 1 8 108 1 1 7 1 37 23 1 0 0 0 8 0 2 0 0 0 0 0 0 0 1 0 33 0 8 8 43 41 1]

[Plaintext Block 6] (1024 values)
  - Data: [0 0 1 0 0 1 0 6 0 9 0 0 0 0 0 0 64 0 1 0 1 1 54 19 11 25 22 4 34 13 0 0 0 1 0 0 0 0 0 0 0 0 9 9 1 0 1 0 0 1 0 0 7 5 0 0 1 0 0 0 0 0 0 0 0 1 1 8 0 1 1 30 14 0 7 1 0 0 2 0 1 0 0 0 0 0 0 1 0 1 26 1 1 0 1 0 2 0 7 1 0 0 1 0 1 0 0 0 0 0 0 0 1 1 0 1 12 1 1 0 0 1 0 0 0 24 32 1 0 0 0 0 0 0 1 0 0 1 5 21 1 1 10 37 0 1 3 1 1 0 1 0 1 0 0 0 0 0 0 0 1 1 1 68 1 0 1 1 1 9 1 0 1 0 1 0 1 0 0 0 0 0 0 0 0 1 0 1 1 1 0 1 0 1 7 10 0 0 1 2 7 0 0 0 0 0 0 0 0 0 0 1 2 1 0 0 1 0 1 24 1 0 1 0 0 0 0 1 0 0 0 0 0 1 1 1 1 1 1 0 1 7 1 0 1 0 2 0 1 0 0 0 0 0 0 0 0 2 0 1 10 1 8 0 1 0 1 1 0 1 9 1 7 0 2 0 0 0 0 0 1 0 1 96 2 0 1 1 0 1 0 0 1 1 1 0 2 1 0 0 0 0 0 0 1 1 17 64 0 1 22 45 12 12 11 9 1 1 0 4 1 0 0 0 0 0 0 0 2 10 1 26 40 1 1 68 1 1 0 1 1 1 0 3 0 0 1 0 0 0 1 0 0 7 1 74 2 0 0 0 1 0 0 0 0 0 0 0 0 15 0 0 0 0 0 0 0 0 0 78 0 0 0 0 0 0 0 9 0 0 1 0 0 0 0 0 0 0 0 0 1 17 0 0 0 0 87 0 0 0 0 1 0 0 1 0 0 0 0 0 0 0 0 0 0 7 19 32 17 82 10 0 0 0 2 4 1 0 7 2 0 0 0 0 0 0 0 0 0 0 7 0 97 1 0 0 0 0 0 0 0 3 0 0 0 0 0 0 0 0 0 0 0 0 0 6 0 0 31 23 0 0 1 1 0 0 0 0 0 0 0 0 0 0 0 0 0 0 0 0 0 0 0 0 0 0 0 0 0 0 0 0 0 0 0 0 0 0 0 0 0 0 0 0 0 0 0 0 19 1 0 0 0 0 0 0 0 0 0 0 0 0 0 0 0 0 1 0 0 0 0 0 0 0 0 0 0 0 0 0 0 0 0 0 0 0 0 0 0 0 0 0 0 0 0 0 0 0 0 0 0 0 0 0 0 0 0 0 0 0 17 4 0 0 0 0 0 0 0 7 3 0 2 8 0 0 0 0 0 0 0 0 0 0 18 58 0 1 0 8 0 0 10 0 0 0 3 0 0 0 0 0 0 0 0 0 0 7 86 22 10 0 7 52 0 0 0 0 0 0 0 0 0 0 0 0 0 0 0 0 0 0 1 0 0 0 0 0 0 0 0 0 0 0 0 0 0 0 0 0 0 0 0 0 0 0 0 0 0 0 0 0 0 0 0 0 0 0 0 0 0 0 0 0 0 0 0 0 0 0 0 0 0 0 0 0 0 0 0 0 0 20 8 0 0 0 0 0 0 0 0 0 0 0 15 1 0 8 84 0 0 0 0 0 0 0 1 0 0 0 0 0 0 0 0 0 0 0 8 0 0 0 80 4 0 0 0 3 17 3 0 0 0 0 0 0 0 0 0 0 0 0 0 6 0 8 0 0 0 0 0 7 0 2 19 0 1 0 0 0 0 0 0 0 0 0 7 75 1 0 0 102 6 0 0 0 0 0 0 0 0 0 0 0 0 0 0 0 0 0 0 0 0 0 0 0 0 0 18 0 0 0 0 0 0 0 0 0 0 0 0 9 0 0 0 0 0 19 0 103 7 0 0 0 0 1 6 12 2 1 0 0 0 0 0 0 0 0 1 85 0 0 5 1 0 0 0 0 0 0 0 0 0 0 0 0 0 0 0 0 0 0 0 0 0 25 30 0 0 0 0 0 0 7 0 13 0 0 0 0 0 0 0 0 0 9 2 88 0 0 1 0 0 0 0 0 0 0 15 2 0 0 0 0 1 0 0 0 0 0 1 90 11 26 2 22 5 0 0 0 12 51 38 0 1 0 0 0 0 0 0 0 0 0 17 61 0 1 0 49 20 0 11 0 0 7 0 1 0 1 0 0 0 0 0 0 0 0 84 0 0 0 0 0 2 0 7 0 0 0 0 0 0 0 0 0 0 0 0 0 0 0 0 0]

[Plaintext Block 7] (1024 values)
  - Data: [0 0 0 0 0 0 0 0 0 0 0 0 0 0 0 0 0 0 0 0 0 0 0 0 0 0 0 0 0 0 0 0 0 0 0 0 0 0 0 0 0 0 0 0 0 0 0 0 30 0 0 1 0 0 0 0 0 0 0 0 0 0 0 0 0 0 0 0 0 0 0 0 0 0 0 0 0 0 0 0 0 0 5 6 0 0 0 0 0 0 0 0 0 0 0 0 0 0 1 0 0 0 0 0 0 0 0 0 0 2 0 0 0 0 0 0 0 0 81 1 0 0 0 0 49 0 0 0 0 0 0 0 0 0 0 0 0 0 0 16 41 0 0 0 0 0 8 0 0 0 0 0 0 0 0 0 0 0 0 0 0 0 0 0 0 0 0 0 0 0 0 0 0 0 0 0 0 0 0 0 1 0 0 0 0 0 0 6 0 0 0 0 0 0 0 0 0 0 0 0 0 0 0 0 0 0 0 0 0 9 0 3 0 0 0 0 0 0 0 0 0 0 0 0 0 0 0 0 0 0 0 0 0 0 0 0 0 0 0 0 0 0 0 0 0 0 0 6 0 0 0 0 0 0 73 0 0 0 0 0 0 0 0 0 0 0 8 2 1 0 0 0 0 0 0 0 0 0 0 82 7 0 0 17 27 0 1 0 0 0 0 0 0 0 8 1 0 0 0 0 0 0 98 83 0 0 0 0 0 0 0 2 0 0 7 0 0 0 0 0 0 0 0 0 0 0 0 0 0 0 0 0 0 0 0 0 0 82 1 1 0 0 3 0 7 0 0 0 0 0 0 0 15 77 1 15 9 10 7 6 6 10 0 0 0 0 0 0 0 0 0 0 0 0 11 88 0 0 0 0 8 11 1 0 0 0 0 0 0 0 0 0 0 0 0 0 0 0 0 0 15 1 0 0 0 0 0 0 0 0 0 0 0 0 0 0 0 0 0 0 0 0 0 0 0 0 0 0 0 0 0 0 0 0 0 0 0 0 0 0 0 0 0 0 0 0 0 0 25 30 1 9 44 3 0 0 0 0 0 0 0 0 0 0 0 0 0 0 0 0 0 0 9 0 0 0 0 0 0 0 0 0 0 0 0 0 0 0 0 0 0 0 0 0 0 0 0 0 0 0 0 0 0 0 0 0 0 0 0 0 0 0 0 0 0 0 0 0 0 0 0 0 0 0 0 0 0 1 0 0 0 0 0 0 0 0 0 0 0 0 0 0 0 0 0 0 0 0 0 0 0 0 0 0 0 4 0 0 0 0 0 0 0 0 0 0 72 2 0 0 0 0 0 0 0 1 0 9 0 0 0 0 0 0 3 0 71 0 0 0 0 0 0 0 0 0 1 0 0 0 0 0 0 0 0 0 0 0 0 0 0 14 0 4 0 0 12 2 0 0 0 0 0 0 0 0 0 0 0 0 0 0 0 0 0 0 0 0 0 0 0 0 0 0 0 0 0 0 0 0 0 0 0 0 0 0 0 0 0 0 0 0 0 0 1 0 0 0 0 0 0 0 0 0 0 0 0 0 0 0 0 0 0 0 0 0 0 0 0 0 0 0 7 1 0 0 0 0 0 0 0 2 0 0 0 0 7 72 0 0 0 1 0 0 0 0 0 0 0 0 0 0 0 0 0 0 0 0 0 0 0 0 0 29 0 18 0 0 0 0 0 0 0 0 0 0 0 0 0 0 0 0 0 0 0 0 0 1 0 0 0 0 0 0 0 0 0 0 0 0 0 0 0 0 0 0 0 0 0 0 0 0 0 23 23 0 0 0 0 0 0 0 0 1 0 0 0 0 0 0 0 0 0 0 0 0 0 0 0 0 0 0 0 0 0 0 0 0 0 0 0 0 0 0 0 0 0 0 0 0 0 7 1 9 1 1 0 0 89 0 0 0 0 0 15 0 0 0 0 0 0 0 0 0 8 1 17 36 0 0 0 0 0 0 0 16 0 0 0 0 0 0 6 0 0 0 1 35 35 1 13 34 0 0 0 0 8 0 0 0 0 0 0 0 0 9 0 0 0 11 0 53 0 1 0 0 0 0 0 0 0 0 0 0 0 0 0 0 0 0 0 0 0 0 0 0 0 0 0 0 3 0 0 1 0 0 0 0 0 4 0 7 69 0 0 0 0 7 52 0 0 0 0 0 0 0 0 0 0 0 0 0 0 0 0 0 0 0 0 0 0 0 0 0 0 1 0 0 0 0 0 0 0 0 0 0 0 0 0 0 0 0 0 0 0 0 0 0 0 0 0 0 0 0 17 10 1 2 0 0 0 0 1 8 0 0 0 0 0 7 3 0 7 92]

[Plaintext Block 8] (1024 values)
  - Data: [14 0 2 0 2 0 0 1 0 0 0 0 0 0 0 0 1 0 0 0 0 0 0 0 0 0 0 1 0 0 0 0 0 0 0 0 0 0 0 0 0 0 0 0 0 0 1 0 0 0 0 0 0 0 0 0 0 0 0 0 0 0 0 0 0 0 0 0 0 0 0 0 0 9 0 0 0 0 0 0 0 0 0 0 0 0 1 0 0 0 0 18 31 3 0 0 0 0 15 0 0 0 1 0 0 0 0 0 0 0 0 0 0 0 0 0 1 0 0 0 0 0 0 0 0 0 0 0 0 0 0 0 0 0 0 0 0 0 0 1 0 0 0 0 0 0 0 0 4 0 0 0 0 0 0 0 10 0 0 0 0 0 0 0 0 0 0 0 0 88 16 0 0 42 54 0 1 0 0 7 0 0 2 57 34 0 0 98 0 0 7 0 0 0 0 0 16 3 0 0 0 0 0 0 0 0 7 0 50 75 21 0 0 0 0 0 0 1 0 0 14 2 9 0 0 0 0 0 7 0 1 0 14 77 21 1 20 1 80 0 0 0 36 0 0 0 0 0 0 0 0 0 0 0 0 0 0 0 0 6 34 0 0 0 0 0 64 0 0 0 0 0 0 0 0 0 0 0 0 0 0 1 0 0 0 0 0 0 0 0 10 0 0 27 1 0 0 0 0 7 0 0 0 0 0 46 27 11 8 8 28 81 7 0 7 0 6 8 2 0 8 0 0 0 0 0 0 79 8 0 67 0 0 0 0 0 1 0 0 0 16 7 0 6 0 0 0 0 0 0 0 55 8 0 1 14 4 14 0 7 71 0 1 0 0 0 0 9 0 0 0 0 0 0 2 17 0 0 0 0 11 27 0 16 27 27 1 7 5 6 7 1 1 0 7 0 0 0 7 51 10 0 0 4 3 20 19 32 6 18 0 2 4 21 4 0 0 0 0 0 0 0 2 8 73 72 0 17 13 0 9 0 7 69 0 2 0 0 0 0 0 0 0 0 0 0 0 0 0 0 0 1 0 0 1 1 0 83 0 0 1 4 0 8 0 0 0 0 1 0 0 0 0 2 0 0 18 11 10 6 6 6 4 3 9 0 7 0 0 0 0 0 0 0 43 0 3 75 0 0 7 5 0 0 0 7 7 11 0 0 1 0 0 0 0 0 0 0 0 0 8 80 33 0 13 0 0 2 0 0 5 3 0 3 6 0 5 0 0 0 0 0 0 8 0 0 48 35 0 8 11 51 8 0 0 0 25 126 68 0 0 0 1 0 0 0 0 1 80 40 0 0 1 0 0 5 0 0 0 0 9 1 0 0 0 0 0 0 0 6 0 8 72 0 64 37 45 0 1 0 19 55 10 0 13 22 1 0 0 0 0 0 0 0 0 1 9 71 11 0 7 4 79 0 7 85 0 0 0 0 0 0 0 0 0 0 0 0 0 0 0 0 0 0 0 0 0 85 1 28 0 0 0 0 0 0 0 0 0 0 0 0 0 0 0 0 0 0 0 0 0 0 0 1 0 0 0 0 0 0 0 0 0 0 0 0 0 0 0 0 17 0 1 0 0 8 1 0 0 0 1 0 0 0 0 0 0 0 0 0 1 39 12 0 0 0 5 15 25 0 0 0 0 0 0 0 0 0 1 0 0 0 0 0 0 0 0 68 0 2 26 7 1 2 0 0 0 0 2 0 1 0 0 0 0 0 1 0 0 53 0 1 0 10 51 5 0 1 0 0 0 0 0 7 0 0 0 0 0 0 0 1 51 0 0 0 0 0 0 0 0 0 0 1 6 0 0 0 0 0 0 0 0 0 0 0 0 0 0 0 0 0 0 0 1 0 0 7 0 0 0 0 0 1 0 0 0 0 0 0 0 0 0 0 0 0 0 0 0 0 0 0 0 25 6 0 0 0 0 0 0 0 0 0 1 67 22 0 11 13 0 0 0 15 33 1 0 0 0 0 0 0 0 0 0 0 0 0 0 0 0 0 0 13 4 8 13 16 0 0 0 0 0 0 0 0 0 0 0 0 0 0 0 0 0 0 0 0 0 0 0 0 0 0 0 0 0 1 9 5 0 0 0 0 0 0 44 0 0 0 0 12 32 5 0 0 0 0 0 0 0 0 0 0 0 1 0 0 0 0 0 0 0 0 0 0 0 0 0 0 0 0 0 1 0 0 0 0 0 0 0 0 0 0 0 0 0 0 0 0 0 0 0 0 0 0 0 0 0 0 0 0 0 0 0 0 0 0 0 0 0 0 0 0 0 0 0 0 0 0 0 0 0 0 0 0 0 0 0 0 0 0 0 0]

[Plaintext Block 9] (1024 values)
  - Data: [0 0 0 0 0 0 0 0 1 0 1 1 0 0 0 0 0 0 0 0 0 0 0 9 0 0 0 0 0 0 0 0 5 0 0 0 0 0 0 0 0 0 0 0 0 0 0 0 0 0 0 0 0 0 0 0 0 21 1 10 0 0 0 0 0 0 0 0 0 0 0 0 0 0 0 0 54 12 0 0 0 0 0 0 10 0 0 0 0 0 0 0 0 0 0 1 29 19 36 32 0 0 0 7 0 0 0 2 0 0 0 0 0 0 0 0 0 0 0 0 0 0 0 0 0 0 0 0 0 0 0 0 0 0 0 0 0 0 0 0 0 0 0 0 0 0 0 1 0 0 0 0 0 0 0 0 0 0 0 0 0 0 0 0 0 0 0 0 0 0 0 0 0 0 0 0 0 0 0 0 0 0 0 0 0 0 0 0 0 0 0 0 11 28 8 0 31 48 7 0 0 0 0 0 0 0 0 1 0 0 0 0 0 0 0 0 0 0 0 0 0 0 0 0 0 0 0 0 0 0 0 0 0 0 0 0 0 0 0 0 0 0 0 17 40 6 0 0 0 0 0 0 0 0 0 0 0 0 0 0 0 0 0 0 0 0 0 0 0 0 0 0 0 0 0 0 0 0 0 0 0 0 0 0 0 9 7 0 0 0 1 0 18 30 8 0 0 0 0 0 0 0 0 1 0 0 0 0 14 0 0 0 0 0 0 10 8 33 1 0 0 0 0 0 0 0 0 0 0 0 0 0 0 0 0 10 0 0 0 0 0 0 0 22 23 8 0 3 0 0 0 0 0 0 0 0 0 41 25 0 0 0 0 0 0 0 0 0 0 0 0 0 0 0 0 0 0 0 0 0 0 0 0 0 0 27 9 0 0 7 0 0 0 1 0 1 0 0 0 0 0 0 0 0 0 1 53 0 0 0 0 0 1 0 0 0 0 0 0 0 0 0 0 0 0 0 0 0 0 0 1 0 0 0 16 49 13 27 0 23 16 0 0 0 6 7 3 0 0 0 0 4 0 0 0 102 13 0 0 0 0 0 0 0 0 0 0 0 0 14 8 1 1 0 0 0 0 0 0 0 1 14 8 1 0 0 0 0 0 0 0 0 1 0 0 0 0 0 0 0 0 0 0 0 0 0 0 0 0 0 0 36 9 36 20 26 0 0 0 0 0 1 0 0 0 0 0 0 0 0 0 0 0 0 0 0 0 0 0 0 0 0 0 0 0 0 0 0 0 0 0 0 0 0 0 0 0 0 0 3 0 0 0 0 0 0 0 0 0 0 0 1 0 0 0 0 0 0 0 10 32 2 0 0 0 3 2 2 3 1 2 1 1 0 1 0 1 2 3 2 0 0 0 0 6 3 0 0 0 1 1 0 1 0 10 1 0 1 0 0 1 0 1 21 2 2 1 1 2 1 1 0 1 1 1 6 28 11 12 35 40 24 0 1 0 0 0 1 1 1 74 2 1 1 0 1 0 13 1 1 0 0 1 0 0 0 0 0 1 0 1 0 9 1 0 0 1 0 1 0 0 0 1 1 0 0 0 0 1 0 0 0 0 1 47 0 0 0 0 1 1 0 0 0 0 6 3 3 4 3 1 1 1 1 1 0 1 4 4 2 0 0 0 4 3 3 2 2 2 3 2 17 4 3 1 1 1 0 1 1 1 4 55 1 0 0 0 4 37 4 -1 0 -1 9 4 6 4 3 3 3 2 1 2 1 2 5 5 1 -3 0 0 0 11 5 6 6 8 6 6 7 7 7 7 9 7 7 7 6 7 113 367 390 137 11 11 49 6 6 6 7 7 7 6 6 7 7 7 7 6 7 6 8 6 7 7 7 4 5 5 5 6 6 6 6 7 5 5 5 6 7 7 7 6 7 7 7 7 6 5 -1 0 0 0 8 5 5 -4 0 0 10 7 5 5 5 4 3 2 2 1 2 2 6 5 -5 -2 0 0 0 19 6 7 4 6 7 6 6 5 5 6 3 2 2 2 1 2 6 6 7 6 7 6 6 6 6 6 4 5 6 6 7 6 8 4 4 2 2 2 1 2 6 7 7 6 7 6 13 29 7 5 6 6 5 6 6 8 4 5 2 2 2 2 1 4 7 6 7 5 6 7 6 6 7 5 5 5 6 7 5 7 5 6 2 3 2 2 2 3 30 6 5 7 6 7 6 6 6 5 6 5 6 5 4 3 2 2 3 4 4 6 7 7 6 6 7 6 6 7 6 6 6 5 6 7 5 5 2 2 2 1 3 3 7 7 6 12 12 6 7 7 15 47 7 7 6 5 5 7 5 4 3 2 2 1 2]

