=====================================================
         Normal Attack Verification Log - Block-Level 
=====================================================

Leaked From Household: e41dddd2-87dd-4d4b-bdb6-9859c34768f1.csv
Leaked From Section: 2
Attack Result: SUCCESS

--- Attacker's Data Block (Size: 48) ---
[0 0 0 80 0 3 48 13 9 0 0 0 0 0 0 0 0 0 0 0 0 0 0 0 0 0 0 0 0 0 0 0 0 0 0 0 0 0 0 0 0 7 0 0 0 0 0 0]

--- Source Household Data State (ID: e41dddd2-87dd-4d4b-bdb6-9859c34768f1.csv) ---

[Section 1]
  - Unencrypted Readings (717 values): [0 1 3 0 0 0 0 0 0 0 70 0 0 0 0 0 0 0 0 0 0 0 0 0 0 0 0 0 0 0 0 0 3 3 0 4 0 0 0 0 40 4 0 0 0 0 0 0 0 19 74 0 3 10 1 0 0 0 1 0 70 1 0 0 0 0 0 0 0 0 0 0 0 0 0 0 0 0 0 0 0 0 0 0 0 1 0 0 20 0 0 0 0 4 19 75 88 0 0 0 0 0 0 0 0 0 0 0 0 0 10 17 19 0 3 110 4 14 1 0 0 0 0 0 5 0 0 0 0 0 0 9 8 0 48 1 0 0 0 0 0 3 0 6 0 45 0 0 0 0 0 0 0 0 0 0 0 0 0 0 6 69 0 0 0 0 3 0 33 0 0 12 0 0 0 0 0 3 3 15 0 0 4 29 106 20 0 3 0 1 0 0 0 0 0 0 6 16 4 0 0 4 0 4 0 0 3 0 0 0 0 0 0 0 0 0 0 46 2 0 4 4 0 0 9 1 10 0 0 0 0 0 0 0 0 0 0 0 0 0 0 0 0 0 0 0 0 0 0 0 0 0 0 0 0 0 0 0 0 0 0 0 0 0 0 0 4 0 0 0 0 0 0 0 0 0 0 0 0 0 0 0 0 0 0 0 0 0 0 0 0 0 0 0 0 0 0 0 0 0 0 0 0 65 0 15 73 6 0 0 0 0 0 6 30 0 10 0 0 0 0 0 0 1 0 0 3 10 0 0 0 4 0 63 49 6 0 0 0 0 45 29 0 0 0 0 0 0 10 0 1 3 0 0 0 0 0 1 11 0 0 0 0 0 0 0 0 0 0 0 0 0 5 3 43 0 0 0 0 55 0 0 0 0 0 0 0 0 0 0 0 0 0 0 0 54 20 8 0 0 9 4 0 0 0 0 0 0 0 0 0 0 0 0 0 0 0 0 0 0 0 0 5 5 4 0 0 0 0 5 13 27 71 30 0 0 0 1 3 9 0 0 0 0 0 0 0 10 10 26 8 0 4 1 63 79 0 0 0 21 0 0 0 0 0 0 0 0 13 0 0 0 0 0 0 0 0 0 10 74 11 0 0 0 0 3 0 11 11 0 0 0 0 0 0 0 0 0 1 14 0 0 0 0 0 0 50 3 0 0 0 0 0 0 0 0 0 3 0 0 0 0 51 0 0 0 0 0 0 0 0 1 0 0 0 0 0 14 29 0 3 1 0 0 0 0 0 0 0 0 0 0 0 0 0 17 7 0 0 0 1 8 0 4 0 0 0 0 0 57 0 0 0 0 0 0 0 42 2 0 0 0 0 0 7 0 0 0 0 0 0 0 0 0 0 0 0 0 0 0 0 0 0 0 0 0 0 0 0 0 0 0 0 0 0 0 0 0 0 0 0 0 0 0 0 1 0 0 1 11 0 11 0 0 0 0 56 31 0 0 0 0 0 0 0 0 0 0 0 0 0 0 8 51 1 0 0 0 0 0 0 0 0 0 0 0 0 0 0 0 7 0 0 0 0 0 1 99 27 73 0 0 0 91 0 0 0 0 0 5 0 7 4 0 0 0 0 0 0 0 0 0 0 5 4 0 0 0 0 0 29 5 0 0 0 0 3]
  - Encrypted Readings (307 values): [1 0 0 0 2 0 5 0 15 0 0 16 0 0 6 0 0 0 0 0 0 0 0 43 0 0 5 0 18 16 10 0 0 0 0 0 0 0 6 0 0 0 3 7 0 0 0 0 0 9 0 0 0 0 0 0 0 2 0 0 0 12 7 9 0 0 0 0 0 68 0 0 0 0 0 0 3 0 0 3 0 0 0 0 7 0 0 0 0 0 72 0 0 0 0 50 0 0 0 0 0 0 15 0 0 0 33 0 0 0 0 0 0 9 0 0 13 0 0 0 26 0 0 0 0 0 21 0 0 0 0 0 0 0 34 0 0 57 0 0 4 9 0 0 0 0 0 0 0 0 55 0 0 0 7 0 0 0 0 0 0 0 0 0 3 0 0 2 0 3 0 10 53 0 0 10 6 0 0 0 0 0 40 0 0 0 0 0 4 0 16 0 0 0 0 0 0 0 0 0 0 0 5 3 0 13 0 3 3 0 0 0 0 0 0 0 0 0 0 0 0 0 7 0 0 0 0 0 0 0 0 0 0 7 0 0 0 0 0 0 3 3 0 0 0 0 0 0 66 0 0 0 0 0 0 0 0 3 0 0 0 0 0 0 0 0 0 0 0 0 0 0 0 0 0 5 5 0 0 0 0 0 0 0 0 0 3 0 0 0 56 45 0 0 0 0 0 0 4 0 0 0 0 0 0 0 0]

[Section 2]
  - Unencrypted Readings (717 values): [29 38 0 3 0 0 0 0 11 35 0 1 0 0 0 0 0 0 0 3 0 0 0 0 0 0 0 1 0 0 9 0 0 0 0 0 0 0 0 4 0 0 0 0 0 0 69 4 3 0 0 0 0 0 6 6 6 0 0 0 45 72 5 0 0 0 0 8 1 0 0 0 0 1 0 10 10 0 0 0 0 0 3 42 0 0 0 0 0 0 0 0 0 0 0 0 5 0 0 0 0 0 0 0 0 0 0 0 0 13 0 0 0 0 0 0 80 0 3 48 13 9 0 0 0 0 0 0 0 0 0 0 0 0 0 0 0 0 0 0 0 0 0 0 0 7 0 0 0 0 0 0 0 0 0 0 0 0 0 0 0 0 0 0 0 0 0 0 0 0 0 0 0 0 0 1 0 0 0 0 0 0 0 0 0 0 0 0 0 0 0 0 0 0 0 0 0 0 0 0 0 0 0 0 0 0 0 0 0 0 0 0 0 0 0 3 1 8 0 0 0 4 0 0 3 0 0 0 0 0 0 0 14 46 0 4 0 0 0 0 10 3 0 0 0 0 0 0 0 9 0 0 0 0 0 3 8 0 0 0 1 0 0 0 0 10 0 0 0 0 0 0 0 18 30 21 0 0 0 0 0 0 15 0 0 0 0 8 57 0 0 1 0 0 19 29 40 0 3 0 0 0 0 0 0 0 3 0 0 10 2 0 3 23 1 4 0 0 0 0 0 0 0 0 0 0 0 0 0 11 0 0 0 4 0 50 12 11 0 0 0 0 0 0 0 0 0 7 0 9 0 0 0 0 0 0 48 0 0 0 0 0 0 0 0 1 10 0 0 0 0 0 0 6 0 0 0 0 0 0 0 0 1 0 0 0 0 0 0 0 7 26 6 11 0 0 0 0 0 0 0 0 0 1 0 0 0 0 0 0 0 0 68 0 0 57 46 8 0 0 0 0 0 1 0 0 0 0 0 0 0 0 5 0 0 5 0 0 0 0 0 3 6 0 0 0 0 0 0 0 0 0 6 0 0 0 0 0 0 0 0 44 4 0 0 0 0 0 0 0 0 44 2 0 0 0 0 0 3 0 0 0 0 0 0 0 0 0 0 3 6 1 55 13 10 0 0 0 0 0 0 0 0 0 0 0 0 0 0 0 0 0 0 4 0 0 0 3 0 0 0 0 0 0 0 0 0 0 0 7 0 25 0 0 45 9 3 0 0 0 0 0 0 43 3 25 25 0 0 0 0 0 0 13 31 77 3 0 0 0 0 0 0 6 0 0 0 0 0 0 0 0 3 0 0 0 0 1 0 0 2 0 0 0 0 0 0 0 0 0 0 3 3 0 0 0 0 0 0 0 5 0 0 0 0 9 0 0 0 0 1 0 0 0 0 3 0 0 0 0 0 3 6 0 0 3 0 2 0 1 0 0 0 0 0 0 0 6 30 63 9 0 0 3 0 0 5 9 8 0 0 0 0 0 58 53 3 0 0 0 0 0 0 0 0 3 0 5 0 0 0 0 4 36 0 0 0 0 0 0 0 0 0 21 67 5 0 0 3 3 0 0 0 0 0 0 0 0 0 0 30 2 0 0 12 1 0 0 0 0 0 0 0 0 0 0 48]
  - Encrypted Readings (307 values): [0 0 0 0 0 0 0 4 0 0 0 0 0 0 0 0 0 0 13 0 0 1 11 0 13 0 11 0 0 0 0 0 0 0 3 1 0 0 0 0 35 0 0 3 0 53 0 2 0 7 0 0 15 0 0 0 0 1 0 0 0 0 0 0 0 64 0 0 0 0 0 0 0 0 0 13 16 0 0 0 68 0 0 0 0 28 0 17 0 0 0 0 0 0 0 4 0 0 0 5 0 1 16 6 0 0 0 0 11 0 0 0 0 68 0 0 0 0 0 0 0 0 0 0 32 0 0 0 1 0 0 0 0 0 20 0 0 0 0 4 0 0 0 0 0 0 0 0 0 0 0 0 10 0 0 0 1 0 35 0 0 3 0 0 7 0 0 0 0 0 0 0 0 0 0 0 0 0 0 0 0 0 0 0 10 0 11 0 4 7 0 0 3 0 3 0 5 0 0 0 0 31 0 0 0 0 0 0 0 0 34 19 0 0 0 3 0 0 0 0 0 0 0 0 0 0 0 3 1 0 0 0 47 0 3 0 0 11 10 0 0 0 0 0 1 12 0 0 16 71 1 0 3 0 0 53 0 0 0 0 0 0 0 0 0 27 1 0 0 0 0 0 0 0 0 1 0 0 3 0 0 6 0 0 0 72 0 0 1 45 0 0 0 0 0 0 9 0 0 2 0 71 0 0 0 0 0]

[Section 3]
  - Unencrypted Readings (717 values): [0 0 0 0 0 17 8 0 0 0 0 0 0 0 3 8 1 4 0 0 61 3 7 0 0 0 3 6 0 0 1 0 0 0 0 0 0 0 0 0 0 9 0 41 69 54 46 1 12 6 5 0 0 0 0 0 32 0 0 0 0 0 0 0 0 4 1 0 9 0 0 0 0 0 0 0 0 0 0 0 0 0 3 10 0 0 0 0 0 0 0 37 9 0 0 0 0 0 0 0 0 1 0 0 0 1 0 0 0 0 0 3 10 0 0 0 0 0 4 2 0 0 0 3 40 0 0 0 0 0 0 0 0 0 0 19 0 0 0 0 4 3 0 7 0 0 0 4 0 6 0 0 0 0 3 0 21 8 1 0 3 1 5 7 0 0 3 0 29 0 0 0 0 0 0 0 2 69 0 2 0 0 0 0 35 0 0 0 0 0 1 0 0 0 4 2 0 0 0 0 0 0 49 5 0 0 0 0 0 0 0 0 3 0 6 0 0 0 52 9 0 0 0 0 0 5 9 10 0 0 0 0 0 0 0 0 0 0 0 0 0 0 0 0 0 0 0 0 0 0 0 0 0 0 0 0 0 0 0 0 0 0 0 0 0 0 0 6 68 0 13 0 0 0 0 0 0 0 0 0 3 36 0 0 0 0 0 0 0 0 3 0 31 30 50 0 0 0 0 0 0 0 0 0 0 0 0 0 0 0 0 2 5 10 0 0 0 0 0 51 3 0 0 0 0 0 0 0 0 0 0 31 6 0 0 0 0 0 1 3 1 0 1 0 0 0 0 37 0 0 0 0 0 0 0 2 0 0 1 0 0 0 0 0 53 10 11 3 1 0 0 0 3 1 0 0 3 0 3 0 2 83 56 38 2 5 45 0 0 3 1 0 0 0 0 31 31 0 0 0 3 32 4 9 6 0 0 0 0 0 11 6 0 0 0 0 36 7 10 5 0 0 0 0 0 0 36 55 6 1 0 0 0 63 0 11 47 56 0 0 0 0 0 0 11 20 9 7 10 56 12 3 0 0 32 12 0 5 1 0 0 3 0 0 10 4 24 0 7 8 8 10 68 0 0 0 0 0 0 0 16 13 16 51 1 27 0 29 30 0 19 20 0 7 0 0 0 0 0 15 15 0 0 21 0 0 7 5 18 11 0 0 0 0 11 29 31 62 7 9 11 15 40 7 1 43 4 11 0 4 0 0 0 7 14 24 82 11 17 8 5 6 33 6 0 0 0 76 23 7 452 5 1 15 46 7 0 0 21 23 5 11 1 0 28 1 6 11 24 0 0 0 0 0 7 13 39 21 0 15 8 19 29 4 7 13 7 4 0 0 0 8 16 0 0 13 16 8 8 18 7 12 0 0 6 0 6 7 11 26 11 20 10 10 12 13 15 72 4 0 6 0 0 0 3 12 22 6 9 0 0 19 0 7 0 9 6 7 0 0 0 0 4 13 33 68 21 9 16 11 0 13 9 2 36 60 4 0 0 0 0 10 17 25 0 12 4 8 11 1 18 6 7 12 83 4 0 7 0 0 0 0 34 12 0 54 81 1 0 0 0 0 0 13 21 0 7 14 12 0 1 12 30 31 8 0 1 4 0 0 0 0 26 11 9 0 13]
  - Encrypted Readings (307 values): [3 0 0 0 27 1 0 0 48 3 0 0 53 0 1 1 0 17 4 0 0 4 0 1 0 0 0 4 3 13 47 0 3 22 0 0 0 7 9 11 3 80 0 3 0 0 8 4 47 1 0 34 3 0 42 0 3 13 33 0 9 0 0 0 0 28 0 0 0 0 3 5 48 34 0 0 0 4 0 60 30 7 0 0 23 0 11 0 3 0 0 0 0 0 0 22 8 38 0 0 0 24 0 0 0 0 26 0 0 68 0 0 0 0 2 0 0 0 0 0 0 0 0 5 4 0 0 6 0 0 8 3 0 13 39 0 0 0 78 20 4 8 0 1 11 0 47 5 0 0 3 0 15 3 0 0 5 0 51 11 45 3 26 0 1 0 0 0 0 0 1 6 0 0 0 0 23 0 45 0 0 93 0 2 0 0 9 10 0 11 52 3 13 12 0 68 13 0 0 0 1 0 0 4 59 0 0 0 0 4 0 3 0 0 0 1 14 5 0 6 1 0 1 0 25 0 0 0 4 52 0 7 0 0 6 0 28 16 0 12 27 16 0 4 0 0 0 0 0 3 0 0 0 0 10 0 0 1 0 0 0 0 0 0 0 0 4 0 12 0 0 10 15 63 37 0 0 18 54 9 3 26 0 0 1 6 0 3 5 4 76 0 48 0 0 0 22 0 7 7 12 13 18 50 0 0 23]

[Section 4]
  - Unencrypted Readings (717 values): [0 11 8 0 7 0 0 0 0 12 7 36 3 7 31 12 82 29 52 84 0 5 2 21 4 0 0 0 0 0 6 12 11 15 4 9 0 5 6 0 5 31 20 1 0 0 0 9 12 17 7 1 51 0 24 0 4 46 21 1 0 0 18 5 30 79 22 0 0 0 14 0 0 0 0 0 0 0 0 17 3 0 0 0 0 0 0 0 9 29 4 0 0 0 1 0 0 0 0 4 10 0 0 0 0 0 0 0 0 0 15 0 4 0 0 0 0 0 10 0 7 70 31 0 3 0 0 20 6 46 6 0 0 0 0 5 0 26 0 8 2 0 0 56 0 2 0 6 0 0 0 6 5 3 23 0 0 0 0 4 5 10 0 0 0 0 6 14 15 0 19 0 0 0 0 0 0 0 0 0 20 22 0 10 0 0 0 0 0 0 3 62 30 10 0 0 0 9 2 11 32 87 42 81 44 54 74 4 3 4 26 42 0 1 0 0 0 0 9 84 2 16 5 0 5 0 46 1 11 16 9 22 18 70 0 0 8 6 15 17 29 8 5 10 1 8 0 0 0 4 19 13 0 5 0 6 30 1 0 0 0 0 4 6 11 9 14 10 0 20 25 5 0 4 10 9 0 0 0 0 31 8 41 1 4 7 4 15 13 48 14 38 6 1 0 0 0 0 0 18 72 38 10 10 26 19 12 4 42 12 1 0 0 0 6 0 0 1 24 17 11 4 4 13 0 15 14 14 31 44 5 0 0 0 0 0 12 39 3 14 8 18 0 9 29 21 2 13 0 1 0 0 0 0 8 23 38 40 10 2 10 5 10 44 54 1 13 0 0 13 16 4 22 44 8 11 0 5 0 8 0 0 0 0 3 32 76 14 19 8 35 0 12 2 10 17 0 23 4 0 0 0 6 0 17 22 0 10 0 4 5 1 0 0 0 0 0 3 25 43 6 1 27 5 7 0 15 1 4 0 3 84 14 10 9 0 36 45 45 69 0 1 4 10 0 0 0 13 11 12 20 4 7 22 4 4 41 1 25 0 0 12 49 24 0 0 7 11 6 13 8 0 13 21 16 3 6 0 10 0 0 0 0 0 20 7 2 12 24 13 0 9 0 0 1 0 0 8 17 6 6 55 3 1 15 7 0 0 19 8 0 0 3 0 0 0 0 31 15 5 0 3 24 58 20 9 8 1 11 0 3 0 0 0 4 1 6 18 2 10 19 13 43 5 0 0 0 4 4 5 0 0 5 9 37 50 2 10 13 21 25 6 3 9 0 8 0 0 4 0 0 0 0 7 43 3 3 5 5 5 0 0 0 0 0 0 26 22 13 0 20 9 10 20 71 0 4 4 0 3 0 0 0 5 21 6 0 0 6 36 36 19 28 35 38 4 0 0 0 0 14 69 42 15 0 0 8 16 0 72 12 0 0 0 0 8 8 15 14 7 3 1 0 3 0 0 0 11 0 0 28 0 4 67 4 0 2 37 0 0 0 3 0 29 11 0 0 0 0 5 3 10 3 15 5 1 7 7 0 0 3 76 27 0 0 7 6 4 15 3 14 38 0 8 3 0 0 0 0 5 26 20 13 0 0 3 5 0 0 12 0 0 19 4 0 0 4]
  - Encrypted Readings (307 values): [9 4 18 0 0 0 0 0 5 21 0 0 0 55 0 0 5 0 15 0 63 0 0 0 14 0 7 32 8 0 0 0 4 0 0 0 6 0 0 0 0 6 47 9 0 12 0 56 0 6 0 1 10 0 20 3 42 26 20 0 7 23 0 0 0 0 0 7 6 96 0 3 0 48 4 8 6 0 26 0 9 10 0 0 14 0 1 11 7 0 4 0 4 7 5 3 2 70 0 58 14 72 0 8 0 12 0 0 0 5 6 33 0 13 0 0 12 7 0 10 0 21 0 16 16 0 25 0 11 16 26 0 0 45 0 6 0 4 3 14 8 19 0 1 6 0 0 3 25 8 3 3 50 0 12 0 1 9 5 14 0 12 54 28 31 0 0 75 0 0 8 0 28 9 0 20 0 0 19 4 0 0 7 0 0 62 3 76 0 0 5 5 29 3 0 9 53 6 0 75 0 11 43 2 9 3 3 16 0 3 15 63 0 0 2 0 41 6 0 7 0 0 0 15 10 0 13 1 0 0 3 1 24 24 0 0 32 12 51 4 16 4 1 0 0 5 1 15 41 0 5 29 2 0 17 29 35 34 70 6 0 0 13 0 33 0 0 40 0 7 6 0 7 0 21 0 0 4 0 9 7 0 86 46 0 14 12 13 5 0 3 15 0 17 0 4 33 0 0 0 25 0 7 13 8 4 0]

[Section 5]
  - Unencrypted Readings (717 values): [14 3 6 0 0 19 22 54 55 23 5 4 0 0 4 0 54 13 11 0 1 8 3 0 2 0 0 0 0 0 3 0 7 6 4 12 9 16 4 20 71 3 0 0 3 4 0 0 19 0 23 8 0 14 16 13 3 5 54 0 0 0 0 0 0 16 6 5 6 7 3 7 5 10 6 1 0 0 0 0 0 8 12 0 4 3 3 1 8 4 14 0 5 3 0 0 0 0 20 5 3 21 0 0 0 0 9 7 33 12 87 0 0 0 7 17 8 0 7 29 0 44 63 0 8 0 0 7 8 57 12 0 9 3 0 23 3 21 29 5 0 0 0 0 0 8 13 6 3 7 15 21 1 3 6 10 3 0 0 0 0 0 16 0 0 4 0 8 54 7 0 49 24 6 3 4 0 0 0 0 16 1 9 6 7 0 6 25 1 4 3 17 7 0 0 0 4 5 1 9 11 0 3 6 1 22 7 1 6 3 6 0 0 8 16 1 16 0 0 0 0 0 0 0 0 0 0 12 10 0 1 9 27 0 29 104 16 3 3 8 0 0 7 7 5 0 0 6 9 1 3 2 3 0 0 0 0 0 11 7 5 0 41 25 26 54 33 12 4 4 4 12 0 0 0 0 6 15 19 0 0 5 10 10 52 3 3 4 0 0 0 6 15 27 42 25 0 0 0 0 0 0 0 4 8 0 0 0 0 0 0 9 11 0 33 79 0 4 0 4 4 0 0 0 10 17 24 3 7 0 30 28 4 12 11 14 45 1 5 0 0 0 0 13 15 93 0 0 0 0 0 0 5 0 3 6 0 0 0 0 0 0 0 4 52 0 0 0 0 0 0 37 0 7 0 15 4 0 0 0 0 6 4 2 3 27 0 3 4 0 7 0 0 0 0 0 8 20 40 0 0 0 7 21 0 0 7 29 4 0 3 0 0 0 3 4 18 12 33 3 3 9 18 89 42 0 5 0 0 0 0 0 12 0 0 0 0 18 10 1 7 1 0 0 0 0 9 12 18 27 8 26 1 16 3 5 0 0 3 0 0 0 0 0 8 38 68 53 39 12 0 0 0 0 0 0 0 0 0 0 0 0 0 0 0 0 0 0 0 0 0 0 0 0 0 0 0 1 0 0 0 0 0 0 0 0 0 0 0 0 0 0 0 0 0 0 0 0 0 0 0 0 0 0 0 0 0 0 0 0 0 0 0 0 0 0 0 0 0 0 0 0 0 0 0 0 0 0 0 0 0 0 0 0 0 0 0 0 0 0 0 0 0 0 0 0 0 0 0 0 0 0 0 0 0 0 0 0 0 0 0 0 0 1 0 0 0 0 0 0 0 0 0 0 10 0 0 0 0 0 0 0 0 0 0 0 0 0 0 0 0 0 0 0 0 0 0 0 0 0 0 0 0 0 0 0 0 0 0 0 0 0 0 0 0 0 0 0 0 0 0 0 0 0 0 0 0 0 0 0 0 0 0 0 0 0 0 0 0 0 0 0 0 0 0 0 0 0 0 0 0 0 0 0 0 0 0 0 0 0 0 0 0 0 0 0 0 0 0 0 0 0 0 0 0 0 0 0 0 0 0 0 0 0 0 15 0 1 0 0 0 0 0 0 0 0 0]
  - Encrypted Readings (307 values): [16 4 1 0 0 0 0 0 0 0 0 0 0 18 0 0 0 0 0 8 6 0 0 0 3 13 4 41 0 0 22 0 0 6 0 1 8 3 0 0 0 0 0 4 9 0 0 0 0 0 22 0 0 0 0 0 0 0 5 0 0 0 0 0 18 0 0 4 0 0 10 6 0 1 0 0 7 0 0 0 0 0 0 5 66 0 7 0 0 5 5 3 0 6 0 101 6 0 0 0 0 0 0 0 0 0 0 51 0 0 25 8 0 0 0 0 9 0 0 19 10 0 0 0 14 0 10 14 1 15 0 2 6 3 0 10 0 1 0 21 0 0 0 0 44 0 0 0 0 0 42 33 16 0 0 15 2 0 0 2 10 30 0 0 0 7 0 0 0 0 22 0 0 3 0 60 4 8 0 0 9 0 3 23 0 0 0 0 0 0 0 0 0 0 0 6 0 0 0 0 14 85 70 0 0 0 18 0 0 0 0 0 0 4 13 2 0 8 25 7 0 0 11 0 0 0 4 0 0 18 0 3 9 0 0 40 26 4 42 6 0 0 0 9 1 19 11 44 6 0 0 0 0 24 4 7 0 0 4 1 6 4 55 2 0 8 0 0 21 54 7 0 4 0 0 0 0 0 0 0 7 1 15 2 0 3 0 48 0 0 7 0 0 0 53 8 3 13 0 0 3 0 0 0 8 16 1]

[Section 6]
  - Unencrypted Readings (717 values): [0 0 0 0 0 0 0 0 0 0 0 0 0 0 0 0 0 1 0 0 0 0 0 0 0 0 0 0 0 0 0 0 0 0 0 0 0 0 0 0 0 0 0 0 0 0 0 0 0 0 0 0 0 0 0 0 0 0 0 0 0 0 0 0 0 0 0 0 0 0 0 0 0 0 0 0 0 0 0 0 0 0 0 0 0 0 0 0 0 0 0 0 0 0 0 0 0 0 0 13 0 7 0 0 0 0 0 0 0 0 0 0 0 0 0 0 0 0 0 0 0 0 0 0 0 0 0 0 0 0 0 0 0 0 0 0 0 0 0 0 0 0 0 0 0 0 0 0 0 0 0 0 0 0 0 0 0 0 0 0 0 0 0 0 0 0 0 0 0 0 0 0 0 0 0 0 0 0 0 0 0 0 0 0 0 0 0 0 0 0 0 0 0 0 0 0 0 0 0 0 0 0 0 0 0 0 0 0 0 0 0 0 0 0 0 0 0 0 0 0 0 0 0 0 0 0 0 0 0 0 0 0 0 0 0 0 0 0 0 0 0 0 0 0 0 0 0 0 0 0 0 0 0 0 0 0 0 0 0 0 0 0 0 0 0 0 0 0 0 0 0 0 0 0 0 0 0 0 0 0 0 0 0 0 0 0 0 0 0 0 0 0 0 0 0 0 0 0 0 0 0 0 0 0 0 0 0 0 0 0 0 0 0 0 0 0 0 0 0 0 0 0 0 0 0 0 0 0 0 0 0 0 0 0 0 0 0 0 0 0 0 0 0 0 0 0 0 0 0 0 0 0 0 0 0 0 0 0 0 0 0 0 0 0 0 0 0 0 0 0 0 0 0 0 0 0 0 0 0 0 0 0 0 0 0 0 0 0 0 0 0 0 0 0 0 0 0 0 0 0 0 0 0 0 0 0 0 0 0 0 0 0 0 0 0 0 0 0 0 0 0 0 0 0 0 0 0 0 0 0 0 0 0 0 0 0 0 0 0 0 0 0 0 0 0 0 0 0 0 0 0 0 0 0 0 0 0 0 0 0 0 0 0 0 0 0 0 0 0 0 0 0 0 0 0 0 0 0 0 0 0 0 0 0 0 0 0 0 0 0 0 0 0 0 0 0 0 0 0 0 0 0 0 0 0 0 0 0 0 0 0 0 0 0 0 0 0 0 0 0 0 0 0 0 0 0 0 0 0 0 0 0 0 0 0 0 0 0 0 0 0 0 0 0 0 0 0 0 0 0 0 0 0 0 0 0 0 0 0 0 0 0 0 0 0 0 0 0 0 0 0 0 0 0 0 0 0 0 0 0 0 0 0 0 0 0 0 0 0 0 0 0 0 0 0 0 0 0 0 0 0 0 0 0 0 0 0 0 0 0 0 0 0 0 0 0 0 0 0 0 0 0 0 0 0 0 0 0 0 0 0 0 0 0 0 0 0 0 0 0 0 0 0 0 0 0 0 0 0 0 0 0 0 0 0 0 0 0 0 0 0 0 0 0 0 0 0 0 0 0 0 0 0 0 0 0 0 0 0 0 0 0 0 0 0 0 0 0 0 0 0 0 0 0 13 0 0 0 0 0 0 0 0 0 0 0 0 0 0 0 0 0 0 0 0 0 0]
  - Encrypted Readings (307 values): [0 0 0 0 0 0 9 0 0 0 0 0 0 0 0 0 0 0 1 0 0 0 0 1 0 0 0 0 0 0 0 0 0 0 0 0 0 0 0 0 0 0 0 0 0 0 0 0 0 0 0 0 0 0 0 0 0 0 0 0 0 0 0 0 0 0 0 0 0 0 0 0 0 0 0 0 0 0 0 0 0 0 0 0 0 0 0 0 0 0 0 0 0 0 0 0 0 0 0 0 0 0 0 0 0 0 0 0 0 0 0 0 0 0 0 0 0 0 0 0 0 0 0 0 0 0 0 0 0 0 0 0 0 0 0 0 0 0 0 0 0 0 0 0 0 0 0 0 0 0 0 0 0 0 0 0 0 0 0 0 0 0 0 0 0 0 0 0 0 0 0 0 0 0 0 0 4 0 0 0 0 0 0 0 0 0 0 0 0 0 0 0 0 0 0 0 0 0 0 0 0 0 0 0 0 0 0 0 0 0 0 0 0 0 0 0 0 0 0 0 0 0 0 0 0 0 0 0 0 0 0 0 0 0 0 0 0 0 0 0 0 0 0 0 0 0 0 0 0 0 0 0 0 0 0 0 0 0 0 0 0 0 0 0 0 0 0 0 0 0 0 0 0 0 0 0 0 0 0 0 0 1 0 0 0 0 0 0 0 0 0 0 0 0 0 0 0 0 0 0 0 0 0 0 0 0 0]

[Section 7]
  - Unencrypted Readings (717 values): [0 0 0 0 0 0 0 0 0 0 0 0 0 0 0 0 0 0 0 0 0 0 0 0 0 0 0 0 0 0 0 0 0 0 0 0 0 0 0 0 0 0 0 0 0 0 0 0 0 0 0 0 0 0 0 0 0 0 0 0 0 0 0 0 0 0 0 0 0 0 0 0 0 0 0 0 0 0 0 0 0 0 0 0 1 0 0 0 0 0 0 0 0 0 0 0 0 0 0 0 0 0 0 0 0 0 0 0 0 0 0 0 0 0 0 0 0 0 0 0 0 0 0 0 0 0 0 0 0 0 0 0 0 0 0 0 0 0 0 0 0 0 0 0 0 0 0 1 0 0 0 0 0 0 0 0 0 0 0 0 0 0 0 0 0 0 0 0 0 0 0 0 0 0 0 0 0 0 0 0 0 0 0 0 0 0 0 0 0 0 0 0 0 0 0 0 0 0 0 0 0 0 0 0 0 0 0 0 0 0 0 0 0 0 0 0 0 0 0 0 1 0 0 0 0 0 0 0 0 0 0 0 0 0 0 0 0 0 0 0 0 0 0 0 0 0 0 0 0 0 0 0 0 0 0 0 0 0 0 0 0 0 0 0 0 0 0 0 0 0 0 0 0 0 0 0 0 0 0 0 0 0 0 0 0 0 0 0 0 0 0 0 0 0 0 0 0 0 0 0 0 0 0 0 0 0 0 0 0 0 0 0 0 0 0 0 0 0 0 0 0 0 0 0 0 0 0 0 0 0 0 0 0 0 0 0 0 0 0 0 0 0 0 0 0 0 0 0 0 0 0 0 0 0 0 0 0 0 0 0 0 0 0 0 0 0 0 0 0 0 0 0 0 0 0 0 0 0 0 0 0 0 0 0 0 0 0 0 0 0 0 0 0 0 0 0 0 0 0 0 0 0 0 0 0 0 0 0 0 0 0 0 0 0 0 0 0 0 0 0 0 0 0 0 0 0 0 0 0 0 0 0 0 0 0 0 0 0 0 0 0 0 0 0 0 0 0 0 0 0 0 0 0 0 0 0 0 0 0 0 0 0 0 0 0 0 0 0 0 0 0 0 0 0 0 0 0 0 0 0 0 0 0 0 0 0 0 0 0 0 0 0 0 0 0 0 0 0 0 0 0 0 0 0 0 0 0 0 0 0 0 0 0 0 0 0 0 0 0 0 0 0 0 0 0 0 0 0 0 0 0 0 0 0 0 0 0 0 0 0 0 0 0 0 0 0 0 0 0 0 0 0 0 0 0 0 0 0 0 0 0 0 0 0 0 0 0 0 0 0 0 12 0 0 0 0 0 0 0 0 0 0 0 0 0 0 0 0 0 0 0 0 0 0 0 0 0 0 0 0 0 0 0 0 0 0 0 0 0 0 0 0 0 0 0 0 0 0 0 0 0 0 0 0 0 0 0 0 0 0 0 0 0 0 0 0 0 0 0 0 0 0 0 0 0 0 0 0 0 0 0 0 0 0 0 0 0 0 0 0 0 0 0 0 0 0 0 0 0 0 0 0 0 0 0 0 0 0 0 0 0 0 0 0 0 0 0 0 0 0 0 0 0 0 0 0 0 0 0 0 0 0 0 0 0 0 0 0 0 0 0 0 0 0 0 0 0]
  - Encrypted Readings (307 values): [0 0 0 0 0 0 0 0 0 0 0 0 0 0 0 0 0 0 0 0 0 0 0 0 0 0 0 0 0 0 0 0 0 0 0 0 0 0 0 0 0 0 0 0 0 0 0 0 0 0 0 0 0 0 0 0 0 0 0 0 0 0 0 0 0 0 0 0 0 0 0 0 0 0 0 0 0 0 0 0 0 0 0 0 0 0 0 0 0 0 0 0 0 0 0 0 0 0 0 0 0 0 0 0 0 0 0 0 0 0 0 0 0 0 0 0 0 0 0 0 0 0 0 0 0 0 0 0 0 0 0 0 0 0 0 0 0 0 0 0 0 0 0 0 0 0 0 0 0 0 0 0 0 0 0 0 0 0 0 0 0 0 0 0 0 0 0 0 0 0 0 0 0 0 0 0 0 0 0 0 0 0 0 0 0 0 0 0 0 0 0 0 0 0 0 0 0 0 0 0 0 0 0 0 0 0 0 0 0 0 0 0 0 0 0 0 0 0 0 0 0 0 14 0 0 1 0 0 0 0 0 0 0 0 0 0 0 0 0 0 0 0 0 0 0 0 0 0 0 0 0 0 0 0 0 0 0 0 0 0 0 0 0 0 0 0 0 0 0 0 0 0 0 0 0 0 3 0 0 0 0 0 0 0 0 0 0 0 0 0 0 0 0 0 0 0 0 0 0 0 0 0 0 0 0 0 0]

[Section 8]
  - Unencrypted Readings (717 values): [0 0 0 0 0 0 0 0 0 0 0 0 0 0 0 0 0 0 0 0 0 0 0 0 0 0 0 0 0 0 0 0 0 0 0 0 0 0 0 0 0 0 0 0 0 0 0 0 0 0 0 0 0 0 0 0 0 0 0 0 0 0 0 0 0 0 0 0 0 0 0 0 0 0 0 0 0 0 0 0 0 0 0 0 0 0 0 0 0 0 0 0 0 0 0 0 0 0 0 0 0 0 0 0 0 0 0 0 0 0 0 0 0 0 0 0 0 0 0 0 0 0 0 0 0 0 0 0 0 0 0 0 0 0 0 0 0 0 0 0 0 0 0 0 0 0 0 0 0 0 0 0 0 0 0 0 0 0 0 0 0 0 0 0 0 0 0 0 0 0 0 0 0 0 0 0 0 0 0 0 0 0 0 0 0 0 0 0 0 0 0 0 0 0 0 0 0 0 0 0 0 0 0 0 0 0 0 0 0 0 0 0 0 0 0 0 0 0 0 0 0 0 0 0 0 0 0 0 0 0 0 0 0 0 0 0 0 0 0 0 0 0 0 0 0 0 0 0 0 0 0 0 0 0 0 0 0 0 0 0 0 0 0 0 0 0 0 0 0 0 0 0 0 0 0 0 0 0 0 0 0 0 0 0 0 0 0 0 0 0 0 0 0 0 0 0 0 0 0 0 0 0 0 0 0 0 0 0 0 0 0 0 0 0 0 0 0 0 0 0 0 0 0 0 0 0 0 0 0 0 0 0 0 0 0 0 0 0 0 0 0 0 0 0 0 0 0 0 0 0 0 0 0 0 0 0 0 0 0 0 0 0 0 0 0 0 0 0 0 0 0 0 0 0 0 0 0 0 0 0 0 0 0 0 0 0 0 0 0 0 0 0 0 0 0 0 0 0 0 0 0 0 0 0 0 0 0 0 0 0 0 0 0 0 0 0 0 0 0 0 0 0 0 0 0 0 0 0 0 0 0 0 0 0 0 0 0 0 0 0 0 0 0 0 0 0 0 0 0 0 0 0 0 0 0 0 0 0 0 0 0 0 0 0 0 0 0 0 0 0 0 0 0 0 0 0 0 0 0 0 0 0 0 0 0 0 0 0 0 0 0 0 0 0 0 0 0 0 0 0 0 0 0 0 0 0 0 0 0 0 0 0 0 0 0 0 0 0 0 0 0 0 0 0 0 0 0 0 0 0 0 0 0 0 0 0 0 0 0 0 0 0 0 0 0 0 0 0 0 0 0 0 0 0 0 0 0 0 0 0 0 0 0 0 0 0 0 0 0 0 0 0 0 0 0 0 0 0 0 0 0 0 0 0 0 0 0 0 0 0 0 0 0 0 0 0 0 0 0 0 0 0 0 0 0 0 0 0 0 0 0 0 0 0 0 0 0 0 0 0 0 0 0 0 0 0 0 0 0 0 0 0 0 0 0 0 0 0 0 0 0 0 0 0 0 0 0 0 0 0 0 0 0 0 0 0 0 0 0 0 0 0 0 0 0 0 0 0 0 0 0 0 0 0 0 0 0 0 0 0 0 0 0 0 0 0 0 0 0 0 0 0 0 0 0 0 0 0 0 0 0 0 0 0 0 0 0 0 0 0 0 0 0 0 0 0 0]
  - Encrypted Readings (307 values): [0 0 0 0 0 0 0 0 0 0 0 0 0 0 0 0 0 0 0 0 0 0 0 0 0 0 0 0 0 0 0 0 0 0 0 0 16 0 0 0 0 0 0 0 0 0 0 0 0 0 0 0 0 0 0 0 0 0 0 0 0 0 0 0 0 0 0 0 0 0 0 0 0 0 0 0 0 0 0 0 0 0 0 0 0 0 0 0 0 0 0 0 0 0 0 0 0 0 0 0 0 0 0 0 0 0 0 0 0 0 0 0 0 0 0 0 0 0 0 0 0 0 0 0 0 0 0 0 0 0 0 0 0 0 0 0 0 0 0 0 0 0 0 0 0 0 0 0 0 0 0 0 0 0 0 0 0 0 0 0 0 0 0 0 0 0 0 0 0 0 0 0 0 0 0 0 0 0 0 0 0 0 0 0 0 0 12 0 0 0 0 0 0 0 0 0 0 0 0 0 0 0 0 0 0 0 0 0 0 0 0 0 0 0 0 0 0 0 0 0 0 0 0 0 0 0 0 0 0 0 0 0 0 0 0 0 0 0 0 0 0 0 0 0 0 0 0 0 0 0 0 0 0 0 0 0 0 0 0 0 0 0 0 0 0 0 0 0 0 0 0 0 0 0 0 0 0 0 0 0 0 0 0 0 0 0 0 0 0 0 0 0 0 0 0 0 0 0 0 0 0 0 0 0 0 0 0]

[Section 9]
  - Unencrypted Readings (717 values): [0 0 0 0 0 0 0 0 0 0 0 0 0 0 0 0 0 0 0 0 0 0 0 0 0 0 0 0 0 0 0 0 0 0 0 0 0 0 0 0 0 0 0 0 0 0 0 0 0 0 0 0 0 0 0 0 0 0 0 0 0 0 0 0 0 0 0 0 0 0 0 17 0 0 0 0 0 0 0 0 0 0 0 0 0 0 0 0 0 0 0 0 0 0 0 0 0 0 0 0 0 0 0 0 0 0 0 0 0 0 0 0 0 0 0 0 0 0 0 0 0 0 0 0 0 0 0 0 0 0 0 0 0 0 0 0 0 0 0 0 0 0 0 0 0 0 0 0 0 0 0 0 0 0 0 0 0 0 0 0 0 0 0 0 0 0 0 0 0 0 0 0 0 0 0 0 0 0 0 0 0 0 0 0 0 0 0 0 0 0 0 0 0 0 0 0 0 0 0 0 0 0 0 0 0 0 0 0 0 0 0 0 0 0 0 0 0 0 0 0 0 0 0 0 0 0 0 0 0 0 0 0 0 0 0 0 0 0 0 0 0 0 0 0 0 0 0 0 0 0 0 0 0 0 0 0 0 0 0 0 0 0 0 0 0 0 0 0 0 0 0 0 0 0 0 0 0 0 0 19 0 0 0 0 0 0 0 0 0 0 0 0 0 0 0 0 0 0 0 0 0 0 0 0 0 0 0 0 0 0 0 0 0 0 0 0 0 0 0 0 0 0 1 0 0 0 0 0 0 0 0 0 0 0 0 0 0 0 0 0 0 0 4 1 2 0 0 2 2 1 2 1 0 0 2 0 0 0 0 2 1 0 1 1 0 0 0 0 0 2 0 0 0 0 0 0 2 2 2 0 2 0 0 0 0 0 2 0 0 1 0 2 2 0 1 2 1 0 1 2 0 1 0 0 0 0 0 0 0 1 0 0 1 0 1 1 0 2 0 0 7 0 0 0 0 0 0 0 0 0 0 0 0 0 0 0 0 0 0 0 0 0 0 0 0 0 0 0 0 0 0 0 0 0 0 0 0 0 0 0 0 0 0 0 0 0 0 0 0 0 0 0 0 0 0 0 0 0 0 0 0 0 0 0 0 0 0 0 0 0 0 0 0 0 0 0 0 0 0 0 0 0 0 0 0 0 0 0 0 0 0 0 0 0 0 0 0 0 0 0 0 0 0 0 0 0 0 0 0 0 0 0 0 0 0 0 0 0 0 0 0 0 0 0 0 0 0 0 0 0 0 0 0 0 0 0 0 0 0 0 0 0 0 0 0 0 0 0 0 0 0 0 0 0 0 0 0 0 0 0 0 0 0 0 0 0 0 0 0 0 0 0 0 0 0 0 0 0 0 0 0 0 0 0 0 0 0 0 0 0 0 0 0 0 0 0 0 0 0 0 0 0 0 0 0 0 0 0 0 0 0 0 0 0 0 0 0 0 0 0 0 0 0 0 0 0 0 0 0 0 0 0 0 0 0 0 0 0 0 0 0 0 0 0 0 0 0 0 0 0 0 0 0 0 0 0 0 0 0 0 0 0 0 0 0 0 0 0 0 0 0 0 0 0 0 0 0 0 0 0 0 0 0 0 0 0 0 0 0 0 0 0 0 0 0 0 0]
  - Encrypted Readings (307 values): [0 0 0 0 0 0 0 0 0 0 0 0 0 0 0 0 0 0 0 0 0 0 0 0 0 0 0 0 0 0 0 0 0 0 0 0 0 0 0 0 0 0 0 0 0 0 0 0 0 0 0 0 0 0 0 0 0 0 0 0 0 0 0 1 0 0 0 0 5 0 0 0 0 0 0 0 0 0 0 0 1 0 0 0 0 0 0 0 0 2 0 0 0 0 0 0 0 0 0 0 0 0 0 0 0 0 0 0 0 0 0 0 0 0 0 0 0 0 0 2 0 0 0 0 0 0 0 1 1 0 0 0 0 0 0 1 0 0 0 0 0 0 0 1 0 0 0 0 0 0 0 0 0 0 0 0 0 0 0 0 0 0 0 0 0 0 0 1 0 0 0 0 0 0 0 0 0 0 0 0 0 0 0 0 0 0 0 0 0 0 0 0 0 0 0 0 0 0 0 0 0 0 0 0 0 0 0 0 0 0 0 0 0 0 0 0 0 16 0 0 0 0 0 0 0 0 0 0 0 0 0 0 0 0 0 0 0 0 0 0 1 0 0 0 0 0 66 0 0 0 0 0 0 0 0 0 0 1 0 0 0 0 0 0 0 0 0 0 0 0 0 0 0 0 0 0 0 2 0 0 0 2 0 0 1 0 0 0 0 0 0 0 0 0 1 0 0 0 0 0 0 0 0 0 0 0 0]

[Section 10]
  - Unencrypted Readings (717 values): [0 0 0 0 0 0 0 0 0 0 0 0 0 0 0 0 0 0 0 0 0 0 0 0 0 0 0 0 0 0 0 0 0 0 0 0 0 10 3 0 0 0 0 0 0 0 0 0 0 0 0 0 0 0 0 0 0 0 0 0 0 0 0 0 0 0 0 0 0 0 0 0 0 0 0 0 0 0 0 0 0 0 0 0 0 0 0 0 0 0 0 0 0 0 0 0 0 0 0 0 0 0 0 0 0 0 0 0 0 0 0 0 0 0 0 0 0 0 0 0 0 0 0 0 0 0 0 0 0 0 0 0 0 0 0 0 0 0 0 0 0 0 0 0 0 0 0 0 0 0 0 0 0 0 0 0 0 0 0 0 1 5 19 0 1 16 56 33 0 0 0 0 0 0 0 0 0 0 0 0 0 0 0 0 0 0 0 0 0 0 0 0 0 0 0 0 0 0 0 0 0 0 0 0 0 0 0 0 0 0 0 0 0 0 0 0 0 0 0 0 0 0 0 0 0 0 0 0 0 0 0 0 0 0 0 0 0 0 0 0 0 0 0 0 0 0 0 0 0 0 0 0 0 0 0 0 0 0 0 0 0 0 0 0 0 0 0 0 0 0 0 0 0 0 0 0 0 0 0 0 0 0 0 0 0 0 0 0 0 0 0 0 0 0 0 0 0 0 0 0 0 0 0 0 0 0 0 0 0 0 0 12 0 0 0 0 0 0 0 0 0 0 0 0 0 0 0 0 0 0 0 0 0 0 0 0 0 0 0 0 0 0 0 0 0 0 0 0 0 0 0 0 0 0 0 0 0 0 0 0 0 0 0 0 0 0 0 0 0 0 0 0 0 0 0 0 0 0 0 0 0 0 0 0 0 0 0 0 0 0 0 0 0 15 0 4 0 0 0 0 0 0 0 0 0 0 0 0 0 0 0 0 0 0 0 0 0 0 0 0 0 0 0 0 0 0 0 0 0 0 0 0 0 0 0 0 0 0 0 0 0 0 0 0 0 0 0 0 0 0 0 0 0 0 0 0 0 0 0 0 0 0 0 0 0 0 0 0 0 0 0 0 0 0 0 0 0 0 0 0 0 0 0 0 0 0 0 0 0 0 0 0 0 0 0 0 0 0 0 0 0 0 0 0 0 0 0 0 0 0 0 0 6 0 0 0 0 0 0 0 0 0 0 0 7 0 0 0 0 0 0 0 0 0 0 0 0 0 0 0 0 0 0 0 0 0 0 0 0 0 0 0 0 0 0 0 0 0 0 0 0 0 0 0 0 0 0 0 0 0 0 0 0 0 0 0 0 0 0 0 0 0 0 0 0 0 0 0 0 0 0 0 0 0 0 0 0 0 0 0 0 0 0 0 0 0 0 0 27 0 0 0 0 0 0 0 0 0 0 0 0 0 0 0 0 16 4 0 0 0 0 0 0 0 0 0 0 0 0 0 0 0 0 0 0 0 0 0 0 0 0 0 0 0 0 0 0 0 0 0 0 0 0 0 0 0 0 0 0 0 0 0 0 0 0 0 0 0 0 0 0 0 0 0 0 0 0 0 0 0 0 0 0 0 0 0 0 0 0 0 0 0 0 0 0 0 0 0 0 0 0 0 0 0 0 0 0]
  - Encrypted Readings (307 values): [0 0 0 0 0 0 0 0 0 0 0 0 0 0 0 0 0 0 0 0 0 0 0 0 0 0 0 0 0 0 0 0 0 0 0 0 0 0 0 0 0 0 0 0 0 0 0 0 0 0 0 0 0 0 0 0 0 0 0 0 0 0 0 0 0 0 0 0 0 0 0 0 0 0 0 0 0 0 0 0 0 0 0 0 17 0 0 0 0 0 0 83 0 0 0 0 0 0 0 0 0 0 0 0 0 0 0 0 0 0 0 0 0 62 0 0 0 0 0 0 0 0 0 0 0 0 0 0 0 0 0 0 0 0 0 0 0 0 0 0 0 0 0 0 0 0 0 0 0 0 0 0 0 0 0 0 0 0 0 0 0 0 0 0 0 0 0 13 0 0 0 0 0 0 0 0 0 0 0 0 0 0 0 0 0 0 0 0 0 0 0 0 0 0 0 0 0 0 0 0 0 0 0 0 0 0 0 0 0 0 0 0 0 0 0 0 0 0 0 0 0 0 0 0 0 0 0 0 0 0 0 0 0 0 0 0 0 0 0 0 0 0 0 0 0 0 0 0 0 0 0 0 0 0 0 0 0 0 1 0 0 0 0 0 0 0 0 0 0 0 0 0 0 0 0 0 0 0 0 0 0 0 0 0 0 0 0 0 0 0 0 0 0 0 0 0 0 0 0 0 0 0 0 0 0 0 0]

