=====================================================
         Normal Attack Verification Log - Block-Level 
=====================================================

Leaked From Household: f12f91f7-81ca-4b7c-a5e8-3b81c4e5720b.csv
Leaked From Section: 5
Attack Result: FAILURE

--- Attacker's Data Block (Size: 48) ---
[31 35 89 32 69 57 1 1 1 0 42 10 1 5 1 16 5 1 1 1 0 1 1 1 0 69 4 6 5 1 0 13 2 12 2 1 12 31 104 22 3 1 1 3 3 2 1 1]

--- Source Household Data State (ID: f12f91f7-81ca-4b7c-a5e8-3b81c4e5720b.csv) ---

[Section 1]
  - Unencrypted Readings (103 values): [0 41 7 3 1 0 70 0 37 1 1 3 51 1 2 1 1 6 5 5 4 8 24 3 3 2 3 2 3 1 1 5 1 1 1 1 1 1 1 6 2 9 6 16 1 1 2 3 10 3 1 3 4 4 6 5 6 6 6 3 2 43 3 2 38 3 3 22 20 3 32 4 4 2 16 17 1 1 4 1 3 2 56 2 9 6 6 3 1 6 25 7 0 40 44 1 22 6 2 15 30 10 5]
  - Encrypted Readings (921 values): [11 2 78 11 1 64 1 36 3 0 8 1 4 1 1 1 1 8 47 1 1 1 17 1 39 2 2 10 36 1 1 1 15 5 10 2 4 22 28 1 3 1 3 7 42 1 6 1 1 3 8 4 0 8 1 57 41 4 10 3 1 11 1 6 1 11 1 1 1 1 1 3 1 7 1 8 1 6 43 1 1 4 8 1 51 3 3 1 5 2 1 69 11 1 6 6 18 50 44 62 9 3 1 1 5 1 2 3 1 3 18 4 2 2 6 44 3 1 18 27 7 21 7 2 1 20 4 1 41 3 4 3 1 17 1 7 8 5 4 0 6 33 1 33 5 6 12 1 7 1 10 1 5 35 1 2 6 6 1 26 1 3 1 1 4 18 29 5 6 1 23 72 1 19 1 83 4 1 3 71 3 3 15 2 1 6 14 1 13 11 53 1 2 1 2 13 1 5 8 8 26 82 26 1 21 5 1 2 1 10 78 9 1 6 0 1 1 2 4 6 1 1 1 2 1 49 66 1 1 13 10 6 2 1 2 12 5 48 1 19 2 1 10 4 1 1 3 4 26 27 1 1 6 7 6 1 5 3 12 21 7 19 2 7 1 1 1 4 31 3 1 8 3 2 1 1 1 14 1 1 15 1 1 3 11 1 3 1 0 20 8 0 3 1 18 1 1 5 52 23 7 5 1 2 1 3 6 1 4 43 7 0 21 4 4 1 8 11 54 9 6 116 48 83 1 29 61 0 1 2 3 1 3 2 2 20 12 1 1 6 14 75 5 10 7 32 2 4 9 36 19 7 1 1 12 1 1 1 5 1 5 2 51 1 32 0 5 2 13 1 6 60 5 48 22 2 27 3 19 1 5 1 3 6 18 20 2 1 42 46 1 2 15 6 1 3 9 5 1 1 7 2 1 1 39 4 14 8 38 8 10 1 2 14 36 4 41 5 32 1 44 4 6 3 2 50 2 2 6 1 7 6 12 45 3 1 19 32 7 0 68 1 1 1 8 0 8 14 8 24 3 32 21 1 1 2 3 1 20 3 3 1 37 46 2 12 6 1 4 2 1 45 1 5 7 26 28 10 81 1 1 10 2 1 5 60 63 5 3 1 4 3 5 1 3 4 10 1 3 0 1 6 117 1 1 7 1 2 33 30 7 1 9 59 2 1 1 1 6 1 27 0 52 1 7 7 35 18 2 1 1 1 35 1 2 8 1 41 1 34 3 1 1 1 1 6 15 3 1 19 3 54 40 9 1 23 1 44 33 11 2 2 3 8 1 1 2 9 132 87 5 1 6 1 1 2 3 4 1 12 1 24 18 13 2 10 25 6 1 1 1 43 5 7 51 1 13 1 8 3 3 1 1 38 2 28 1 2 1 0 6 55 23 1 49 1 7 5 1 13 6 27 75 34 1 5 2 50 1 42 5 1 3 0 3 1 25 1 6 35 19 64 1 4 76 57 50 1 45 5 7 34 1 1 6 0 2 12 0 6 2 2 6 4 12 3 2 0 8 1 2 13 6 5 6 2 47 32 1 1 1 2 7 1 3 30 5 1 32 4 43 7 9 3 4 16 34 1 24 10 1 1 2 2 33 1 1 1 102 1 3 1 8 33 36 2 1 1 3 1 16 3 1 22 4 1 30 1 1 5 62 1 1 20 1 1 1 4 1 4 5 3 8 29 1 1 55 8 7 15 6 13 5 96 9 1 1 1 22 2 6 6 6 1 5 1 2 58 13 4 1 35 1 3 47 6 5 7 5 3 17 11 4 1 2 20 7 11 5 78 1 56 28 0 4 11 1 1 1 6 9 1 0 0 3 9 1 7 20 3 6 1 1 7 36 3 1 1 11 10 4 1 1 24 3 0 15 5 3 1 4 27 1 2 1 0 3 9 7 28 2 10 4 33 1 1 2 1 37 1 17 21 10 67 5 42 1 1 45 6 1 0 1 5 74 1 84 1 40 14 7 3 2 1 7 3 1 49 3 2 1 26 1 12 10 3 26 2 3 4 17 2 15 3 25 7 5 1 2 1 7 66 1 9 55 6 16 8 45 1 1 5 8 1 45 2 1 1 1 5 3]

[Section 2]
  - Unencrypted Readings (103 values): [0 6 35 3 94 1 1 2 30 1 1 2 2 24 33 1 4 1 4 3 1 1 14 1 19 4 7 5 6 1 14 16 3 3 19 3 0 1 1 1 1 2 2 1 1 2 1 18 37 109 1 7 7 1 5 2 1 48 0 8 0 14 3 3 2 39 16 2 8 43 1 1 44 42 3 8 8 7 3 4 4 4 22 12 3 3 3 2 5 4 1 12 1 1 7 6 8 37 8 5 6 17 7]
  - Encrypted Readings (921 values): [25 2 16 1 1 7 35 2 36 8 15 2 1 16 2 5 6 0 4 5 25 3 3 4 1 6 7 4 5 1 2 2 8 40 86 2 17 1 1 1 60 1 4 4 2 2 4 29 2 8 3 5 49 8 19 35 3 0 1 3 10 5 1 1 4 7 13 1 6 12 5 3 75 2 3 6 2 4 41 2 6 4 3 1 48 1 1 6 15 1 65 3 2 5 113 1 2 3 1 6 30 38 6 1 1 2 4 41 1 2 4 1 1 15 5 2 1 30 2 11 7 0 11 4 3 7 9 1 48 1 123 0 6 1 4 5 2 16 2 39 48 4 1 2 3 8 3 0 1 12 1 72 13 5 56 15 7 1 2 1 6 44 6 2 3 2 4 8 29 2 1 0 10 4 24 2 48 1 4 74 10 1 4 2 4 28 5 1 2 13 1 1 81 1 72 4 50 7 10 12 46 7 1 2 3 5 3 2 6 7 68 1 2 2 3 3 7 1 4 34 10 1 2 8 1 7 13 33 2 1 6 1 3 3 1 4 0 1 5 55 5 4 3 2 1 1 2 73 1 72 1 2 2 0 3 34 88 1 8 5 58 1 9 1 3 4 49 7 32 29 8 24 1 5 4 2 11 42 2 0 1 5 3 17 2 8 1 3 20 4 0 1 11 13 0 5 31 2 1 37 3 1 2 11 1 9 2 1 5 6 8 1 2 4 1 1 3 5 13 4 7 2 1 47 0 54 1 15 79 3 4 1 2 11 14 14 5 59 6 4 1 105 5 2 5 10 37 1 30 3 7 11 25 0 24 40 3 15 4 1 18 1 5 2 41 5 1 0 10 1 31 18 26 0 48 1 2 15 47 1 0 40 22 1 5 8 11 0 3 1 24 11 2 8 5 67 5 2 2 0 11 1 6 0 4 45 27 1 29 1 26 1 6 18 2 15 6 11 11 2 6 5 5 3 27 87 7 1 8 5 7 1 6 2 4 12 56 8 0 0 5 7 2 5 4 24 2 1 1 6 84 4 1 0 15 7 2 2 24 1 65 4 7 15 7 1 7 11 1 4 1 2 0 4 7 16 4 1 4 1 1 30 1 2 43 3 35 3 1 3 2 38 1 17 1 34 3 2 14 1 1 3 7 29 27 1 8 3 5 1 36 4 10 2 10 32 2 11 4 116 8 1 7 7 10 3 0 10 10 13 3 4 4 3 1 38 42 2 26 0 7 1 4 1 12 126 8 1 4 55 2 4 2 1 7 3 20 1 14 1 2 4 5 5 71 1 12 28 3 1 0 1 1 1 39 1 5 6 7 1 1 8 3 1 11 2 2 0 39 2 14 15 94 17 9 4 74 54 5 76 9 8 13 6 6 5 9 2 5 6 1 7 1 7 1 4 1 13 4 1 27 5 7 1 9 5 67 6 45 2 10 8 7 1 43 3 43 14 49 5 6 55 6 65 1 45 1 3 4 73 1 5 4 51 14 13 5 2 71 57 2 14 6 2 0 10 10 3 1 8 3 5 22 8 19 1 47 5 14 24 1 2 10 43 8 0 1 2 1 2 1 4 6 17 3 4 2 0 4 5 4 17 30 1 8 19 8 1 14 7 1 2 3 1 1 77 19 4 1 6 2 44 7 12 15 33 1 5 7 1 14 2 15 4 1 0 7 5 9 2 11 4 3 1 14 10 6 60 1 7 4 20 3 6 7 7 3 7 2 14 3 81 8 5 6 4 22 44 6 1 4 4 37 1 4 29 4 13 2 4 22 3 23 4 4 3 5 7 5 5 1 5 42 1 5 1 5 25 17 17 1 1 15 2 71 6 1 1 3 4 7 70 9 12 80 1 2 7 1 23 50 25 2 36 64 2 5 3 0 1 4 3 43 1 7 21 1 50 1 0 72 2 8 45 1 3 6 10 33 3 4 6 73 44 8 20 1 20 10 4 34 1 67 1 33 6 4 5 3 2 85 14 3 1 5 40 13 5 80 1 22 11 34 7 2 5 8 7 2 51 7 3 3 10 0 15 7 3 4 4 11 3 3 7 6 64 3 8 39 3 5 20 10 74 2 3 2 3 2 54 53]

[Section 3]
  - Unencrypted Readings (103 values): [7 9 59 25 0 15 5 3 4 4 1 2 9 76 2 1 1 9 1 3 45 5 12 2 15 7 6 38 2 6 49 4 15 8 4 3 11 5 8 51 61 33 44 52 8 25 5 17 9 61 4 4 6 4 62 4 30 4 4 5 12 2 2 2 6 70 7 5 5 5 49 63 86 8 14 4 6 23 0 7 14 5 22 20 17 0 1 2 1 3 41 6 9 14 7 4 4 6 11 4 3 2 0]
  - Encrypted Readings (921 values): [45 1 26 3 129 9 41 48 5 11 6 7 1 9 10 6 34 7 6 6 7 0 3 1 25 4 2 11 4 1 8 4 40 3 2 12 21 42 15 10 7 43 16 14 5 16 7 7 22 12 10 10 4 7 2 24 6 43 11 11 4 7 4 22 0 1 14 7 7 1 4 3 3 3 61 0 5 8 7 17 6 45 11 2 5 2 1 11 4 38 10 4 12 12 5 3 4 12 3 3 3 3 10 5 1 6 1 8 3 4 2 58 1 0 3 10 4 8 8 3 64 3 8 8 56 1 4 16 5 10 7 23 10 6 18 34 8 8 8 5 2 14 4 69 7 8 3 4 4 5 28 5 1 8 4 3 74 6 70 5 6 1 7 9 1 6 4 26 2 1 20 36 4 29 1 4 10 1 13 54 6 2 27 5 21 3 11 9 4 13 11 77 26 7 8 41 9 12 3 1 14 8 19 19 51 55 4 4 13 12 23 4 13 2 12 43 26 3 4 17 17 9 9 3 3 1 34 6 11 9 8 8 0 6 7 0 28 14 1 1 2 3 5 27 1 3 21 8 8 21 6 4 25 5 7 1 47 2 3 4 21 1 5 2 7 3 2 4 3 26 13 25 3 10 7 8 28 5 8 13 6 30 73 7 78 28 14 12 2 35 8 10 1 9 3 10 1 13 29 9 4 3 8 17 3 6 3 10 3 5 5 8 0 34 7 1 1 8 7 5 9 57 7 33 15 4 13 4 3 32 17 6 3 6 -3 41 3 7 96 5 4 40 4 11 21 1 43 6 2 60 6 15 5 2 8 13 8 0 21 7 9 6 78 4 30 5 9 54 9 5 43 5 2 6 7 2 7 13 4 13 7 25 4 4 44 2 11 57 5 1 3 1 10 4 6 6 6 41 1 3 3 1 3 18 4 9 41 3 1 53 20 46 3 6 1 3 6 37 4 23 5 1 2 8 45 18 8 4 4 32 4 39 16 12 4 126 21 1 1 15 32 3 31 1 59 14 1 9 6 28 22 11 4 4 53 11 2 18 32 2 4 2 5 15 9 8 1 0 4 2 50 14 3 6 36 3 12 9 5 1 5 19 0 11 8 2 1 4 5 2 3 42 17 14 5 4 1 7 2 4 18 0 5 23 10 2 12 26 11 11 2 9 26 4 66 23 4 6 7 3 6 5 1 1 5 3 4 9 5 26 2 46 4 2 5 11 46 11 17 8 7 6 4 4 1 6 12 1 3 6 4 10 9 6 8 16 12 12 31 1 9 0 3 1 1 8 4 13 5 9 9 2 7 1 7 3 6 1 10 15 2 2 2 12 27 2 5 11 12 7 3 12 10 6 24 2 8 4 8 3 10 1 39 0 26 1 26 3 13 4 10 5 2 7 3 4 9 2 5 1 48 12 5 4 65 15 36 3 89 29 7 7 13 12 0 14 8 16 1 6 12 5 13 1 1 1 8 5 14 8 50 0 23 14 7 3 40 24 1 8 7 21 45 4 4 10 2 45 19 11 32 2 3 1 57 4 24 6 29 4 7 1 2 15 4 1 6 13 10 15 7 11 12 12 2 4 3 2 13 2 10 2 2 1 1 2 26 8 47 4 3 32 19 39 2 3 4 4 7 2 7 8 4 11 8 20 4 7 8 9 1 32 14 28 6 3 12 87 5 28 29 8 4 3 25 11 32 1 8 5 4 1 7 9 12 8 3 9 4 12 15 65 6 12 27 4 1 67 4 4 6 2 22 7 34 9 6 4 9 6 19 2 1 5 4 1 5 19 7 12 36 18 65 3 9 7 13 0 6 9 6 9 6 6 7 18 8 60 12 38 5 16 13 54 5 9 114 31 16 4 52 18 0 1 88 22 23 3 6 10 13 33 9 5 6 2 61 4 8 8 9 24 3 26 5 20 3 19 1 0 3 12 17 9 1 2 2 5 4 1 1 5 3 7 9 3 4 7 9 7 8 11 0 2 2 12 25 6 2 8 43 9 8 3 2 0 7 1 8 42 21 1 1 2 12 9 4 18 26 3 8 4 3 21 13 14 18 27 5 6 1 3 4 3 100 6 6 6 4 4 9]

[Section 4]
  - Unencrypted Readings (103 values): [44 13 8 2 7 5 28 77 27 26 4 10 4 8 1 1 18 9 8 5 6 5 6 2 1 2 19 4 17 7 5 9 12 9 12 2 1 1 4 86 13 16 3 3 14 7 7 6 6 6 5 5 5 5 1 5 6 75 15 1 9 12 74 2 7 42 7 4 6 1 8 4 32 5 5 43 17 6 5 4 3 8 34 19 3 11 6 13 8 2 16 11 4 9 17 15 20 5 7 3 5 6 5]
  - Encrypted Readings (921 values): [3 6 2 5 29 3 6 43 16 6 54 1 4 26 4 3 1 6 3 3 4 72 31 1 2 5 6 45 6 12 7 7 18 7 10 2 6 6 20 6 6 5 60 1 1 34 3 2 7 7 3 10 6 2 49 8 4 1 1 3 13 6 4 7 3 11 5 38 5 5 9 11 2 71 18 54 23 2 2 1 13 4 14 7 6 9 9 6 10 1 12 4 10 5 1 37 19 2 7 6 10 8 7 7 21 7 4 5 6 4 1 7 4 7 6 5 4 10 33 7 2 12 5 6 2 69 9 9 8 21 71 8 19 3 5 8 8 5 8 6 16 1 2 32 6 1 2 5 6 3 4 21 3 1 47 2 6 1 6 4 4 97 7 2 4 5 15 11 2 4 17 8 3 7 44 3 12 2 5 1 10 25 6 13 1 21 94 5 10 12 9 1 15 6 6 39 3 7 5 39 3 19 2 66 24 1 14 11 4 6 33 5 55 8 7 0 62 8 10 5 7 3 39 6 4 16 4 38 2 37 5 0 3 6 1 6 11 2 101 8 6 4 8 1 1 6 26 11 3 1 4 3 3 6 6 6 6 4 1 24 8 2 3 8 8 4 6 1 6 5 67 4 4 43 7 4 3 5 3 8 39 18 4 3 47 0 1 16 4 25 2 12 3 35 4 5 35 1 5 46 36 2 5 12 1 69 1 7 87 1 28 1 3 13 38 9 11 2 41 1 5 5 10 8 44 39 38 0 6 2 13 5 1 190 1 6 5 5 0 5 18 5 13 4 5 6 38 1 10 2 3 6 4 6 0 5 9 14 5 5 58 6 9 21 5 6 66 5 8 6 1 18 13 3 10 5 1 0 10 8 7 0 52 6 4 2 6 48 1 36 6 4 2 10 14 18 1 23 13 19 3 8 2 30 1 28 4 6 7 9 9 6 6 13 7 4 4 4 9 22 28 3 0 3 9 48 5 4 4 9 52 12 4 34 10 2 2 64 10 2 8 31 10 6 25 12 9 4 7 1 2 49 1 10 4 15 7 6 21 12 44 2 5 5 4 9 16 9 2 86 3 2 7 6 14 13 7 4 8 7 9 25 37 3 7 23 35 4 13 6 5 4 9 3 7 8 7 3 4 69 13 45 5 5 3 0 4 10 7 32 3 35 3 4 20 49 7 16 2 5 5 6 3 3 60 4 4 1 4 4 12 19 5 1 47 2 43 2 6 37 4 4 1 5 6 3 11 1 66 2 7 8 4 7 29 30 35 42 7 6 6 8 37 3 30 20 2 3 6 6 2 1 7 6 6 5 24 12 4 4 13 47 2 11 4 1 1 38 8 6 0 4 42 17 12 3 7 5 6 6 7 4 2 1 1 6 15 5 11 0 44 4 6 0 6 13 16 4 1 6 9 2 33 4 16 5 2 5 4 3 4 7 7 101 5 6 8 1 3 11 12 5 20 1 7 19 5 1 5 7 5 2 32 11 6 25 4 6 6 10 0 7 4 44 16 7 31 34 2 5 4 4 3 0 25 2 1 12 9 5 9 4 5 5 5 1 3 24 5 8 7 31 7 7 8 14 15 5 5 7 4 15 2 1 29 3 2 8 0 4 1 37 8 4 4 7 15 9 1 3 3 6 8 6 2 4 8 3 3 2 6 13 6 14 11 22 7 9 16 1 5 38 20 4 9 15 4 4 3 5 1 42 11 3 2 4 5 12 24 1 7 14 4 6 7 6 13 6 1 1 8 12 0 0 5 11 78 8 3 9 73 4 30 19 4 7 7 3 16 5 2 1 2 3 31 38 18 5 4 4 3 2 6 10 47 4 2 8 4 40 4 44 5 37 7 8 5 7 15 7 2 4 7 2 5 4 25 26 6 15 6 60 4 1 3 9 52 21 5 4 19 7 7 0 5 10 0 0 1 3 0 11 1 8 1 10 3 5 28 4 2 23 2 6 36 2 5 5 4 16 7 5 5 22 79 3 27 42 2 7 7 8 91 35 18 52 2 0 29 2 9 6 10 44 30 44 12 11 5 1 4 19 43 2 4 13 9 10 19 6 2 8 4 13 25 72 6 5 1 6 6]

[Section 5]
  - Unencrypted Readings (103 values): [13 10 10 46 1 0 1 14 4 5 6 70 3 2 23 9 3 64 1 1 54 3 2 1 22 2 4 1 2 6 3 1 17 1 2 79 42 59 2 1 0 1 1 5 1 2 5 28 1 1 5 0 1 12 0 1 2 29 0 1 1 31 4 26 35 34 1 10 63 24 1 54 1 1 25 1 0 1 1 14 1 3 9 24 7 1 1 1 0 1 39 14 7 4 1 6 38 14 2 22 23 7 12]
  - Encrypted Readings (921 values): [2 5 4 7 1 0 1 27 1 61 8 1 1 1 39 15 1 39 33 14 63 0 4 3 1 7 4 33 12 3 35 3 13 94 1 3 1 1 10 48 2 1 3 5 1 27 1 1 1 1 6 1 110 30 2 6 4 15 13 6 2 1 3 1 1 3 2 13 42 5 4 15 4 2 4 1 48 11 2 1 9 9 1 21 1 0 63 1 2 1 5 2 0 3 10 80 35 0 3 32 46 32 1 1 6 1 0 108 3 0 5 0 13 70 13 1 1 3 1 3 49 4 9 0 0 10 4 1 8 10 1 18 6 14 1 14 1 7 6 3 41 3 1 5 1 5 1 20 1 2 1 1 2 7 1 1 11 35 0 9 9 2 1 0 1 17 2 11 4 5 4 2 3 2 5 40 5 6 1 0 42 2 3 10 13 22 13 2 45 13 1 1 6 0 21 33 1 12 89 1 4 0 12 1 5 16 11 5 2 28 2 0 30 6 10 39 2 16 10 8 69 5 55 4 19 1 32 25 1 6 2 0 14 25 4 1 1 39 1 3 2 3 3 2 1 13 2 4 5 3 3 1 2 4 1 2 2 1 1 1 1 1 1 33 12 7 8 6 5 1 6 1 2 1 0 8 50 8 2 40 1 1 7 11 40 1 1 33 97 0 3 1 3 13 1 1 15 6 1 1 23 4 24 6 1 1 6 12 62 12 32 1 28 1 9 67 0 1 2 1 2 2 1 1 3 1 0 41 4 9 12 19 44 9 77 3 0 3 36 10 0 1 1 29 56 1 1 1 29 1 2 0 1 35 10 0 6 7 4 1 1 1 31 0 56 32 0 6 7 30 1 3 1 1 1 1 0 2 0 1 21 5 2 9 1 1 1 1 6 14 25 6 12 1 0 9 4 2 4 3 0 0 40 1 2 1 1 7 1 14 11 1 1 32 1 0 19 36 0 0 2 8 1 21 22 10 1 0 1 70 25 0 3 31 31 2 1 2 3 25 5 16 7 1 2 6 24 112 17 1 12 11 57 4 1 2 1 24 4 0 32 11 1 1 21 0 5 10 1 7 1 1 1 9 29 13 1 1 26 50 1 45 11 104 0 1 0 1 3 1 1 33 30 8 48 24 33 1 0 1 10 81 36 5 2 3 2 9 16 6 1 89 52 18 6 17 0 15 55 3 48 3 35 3 2 13 2 1 1 15 1 9 2 7 5 1 2 2 5 1 62 0 1 2 24 8 5 2 1 1 1 6 12 4 1 17 2 7 0 8 12 1 13 1 5 8 51 1 1 0 20 16 8 1 11 6 48 2 2 3 4 1 5 0 17 2 68 4 9 3 1 2 99 1 46 33 2 2 9 1 50 3 29 1 15 4 1 2 17 6 12 0 1 2 6 3 2 2 4 1 9 15 1 20 4 2 8 1 16 28 21 15 1 22 9 8 78 2 53 34 1 5 3 1 1 3 8 1 3 1 51 9 1 1 33 1 1 17 52 7 36 10 1 7 0 1 1 15 3 1 5 25 59 3 3 10 25 1 1 63 17 1 67 9 20 1 1 11 15 3 1 0 33 41 6 57 2 38 3 25 1 1 37 1 6 6 0 1 1 6 1 0 42 32 1 5 4 76 1 1 0 1 6 3 1 9 1 2 2 2 4 4 1 1 1 1 1 4 9 3 3 4 69 1 1 3 13 17 1 9 13 1 8 1 1 22 0 3 0 7 2 35 1 10 8 1 0 2 10 1 0 1 1 3 46 36 0 12 7 11 0 0 54 74 55 1 3 1 2 1 7 11 1 1 0 18 43 21 3 7 19 1 0 3 4 9 1 1 2 48 6 0 1 1 1 7 1 1 1 0 1 7 1 1 2 1 68 40 0 2 2 4 1 2 0 1 66 1 6 14 38 1 14 54 15 3 1 2 1 4 5 5 1 32 6 44 8 69 1 1 5 8 1 13 52 1 1 4 15 5 0 26 1 0 12 1 30 7 5 1 36 40 1 1 10 3 11 14 13 0 48 13 31 6 3 68 0 16 0 1 22 19 0 2 25 1 2 1 2 51 1 5 5 1 2 2 1 1 0 24 40]

[Section 6]
  - Unencrypted Readings (103 values): [54 1 0 0 56 58 1 1 1 1 7 32 1 40 6 8 0 1 40 4 1 3 1 1 1 9 0 10 1 2 1 6 3 0 1 1 31 1 1 1 0 24 6 37 14 1 1 1 1 3 1 9 0 0 4 1 11 30 20 1 1 3 0 2 0 32 1 0 3 0 1 20 12 1 1 1 0 5 1 0 7 0 1 1 1 1 36 0 39 1 1 27 7 11 0 0 0 0 22 10 0 19 2]
  - Encrypted Readings (921 values): [8 1 1 31 39 1 46 1 37 9 1 0 1 0 17 1 62 0 1 28 60 37 10 4 5 84 1 7 1 1 5 0 24 36 24 17 3 0 0 8 6 13 1 2 1 23 1 0 1 2 7 21 16 1 9 6 0 0 33 4 1 1 1 51 12 0 5 22 16 1 1 0 1 1 0 0 11 1 14 5 1 7 14 1 5 0 20 10 0 35 4 0 38 1 50 11 20 4 49 86 49 1 1 16 1 11 1 0 6 0 22 1 49 0 1 2 1 4 3 17 9 14 0 51 1 2 13 6 0 16 1 1 0 0 0 0 1 5 1 0 1 1 26 0 60 9 47 0 0 2 1 1 5 0 6 1 7 0 1 37 23 1 0 0 7 1 1 0 8 3 36 9 1 1 1 11 2 0 0 1 51 13 0 1 1 37 11 42 0 38 94 93 65 13 93 0 76 1 3 5 1 10 1 1 0 0 11 4 0 0 52 0 0 0 1 6 1 3 1 34 2 0 1 1 1 0 0 2 1 22 1 1 1 15 26 0 3 8 0 0 1 1 1 1 22 6 25 1 0 4 7 1 0 3 1 0 10 1 53 0 31 70 0 0 1 1 8 14 0 34 0 1 2 1 1 0 36 1 1 0 37 1 6 56 19 2 18 3 0 0 1 0 9 3 4 61 68 11 0 22 0 14 21 1 0 27 1 1 3 1 1 1 1 0 23 1 0 0 1 0 2 1 12 3 2 0 1 0 0 38 41 0 1 1 1 6 1 1 0 0 0 1 0 40 1 9 13 0 0 0 1 3 13 0 23 3 12 5 1 0 37 74 0 3 1 2 1 55 1 1 26 1 0 3 0 3 0 15 11 6 20 10 0 1 0 23 52 18 0 1 26 1 1 0 1 3 38 0 17 1 6 3 60 8 0 1 8 1 2 9 42 0 0 1 1 1 12 12 89 1 8 53 0 1 1 1 1 1 36 6 1 0 4 37 1 1 21 1 18 2 0 12 3 14 9 55 1 0 8 5 1 31 17 33 0 54 1 0 1 3 20 8 39 1 33 1 0 1 16 0 1 0 1 1 1 26 3 6 0 3 1 6 1 10 9 0 13 0 0 16 0 15 59 39 4 18 1 54 27 2 62 42 0 0 10 1 103 1 3 28 12 2 11 1 32 1 8 1 24 21 3 33 1 1 2 0 1 14 1 0 1 2 1 33 6 1 35 46 0 1 1 1 1 1 1 1 67 4 1 0 1 17 1 0 3 32 1 0 0 7 0 1 0 74 6 2 90 0 5 0 0 38 1 8 4 12 0 1 25 1 30 0 50 1 3 7 1 0 1 44 23 6 3 0 3 32 1 11 1 36 4 0 1 0 1 1 1 0 25 1 6 0 5 45 1 1 0 3 0 42 2 1 9 30 37 1 1 1 9 49 4 1 1 12 42 3 1 1 1 0 3 1 1 1 37 27 10 0 1 1 1 1 0 37 4 1 5 3 37 43 31 1 2 0 1 0 1 72 3 1 0 2 13 0 1 11 0 0 2 5 0 5 14 56 6 1 1 1 0 0 24 18 0 1 3 0 19 2 3 0 2 6 56 3 11 1 0 5 44 13 13 3 8 1 17 0 25 6 0 1 4 1 43 2 8 1 0 53 2 1 1 40 1 6 0 102 40 0 1 0 0 19 1 1 1 1 44 0 3 1 5 21 0 6 31 1 37 5 1 1 0 1 21 1 0 1 1 1 0 0 13 83 1 1 1 2 1 0 1 1 2 1 23 3 0 1 0 31 0 22 1 1 49 0 3 69 1 3 8 6 8 81 2 1 44 1 0 9 0 1 0 0 0 45 1 28 2 38 1 0 0 5 1 17 28 1 1 0 1 3 0 1 1 3 8 12 42 0 1 0 11 0 9 0 1 3 1 1 11 1 1 4 4 35 1 0 0 5 0 1 0 25 6 9 12 1 3 27 27 34 0 1 22 1 10 1 0 0 0 16 5 26 30 4 9 1 2 14 0 2 1 1 17 1 1 0 0 1 11 1 0 15 0 4 1 0 1 1 17 46 0 17 1 1 0 1 4 44 1 6 1]

[Section 7]
  - Unencrypted Readings (103 values): [1 4 17 1 48 0 36 5 23 37 0 4 52 4 0 1 0 3 12 15 0 0 3 0 4 6 1 1 58 3 49 6 0 0 1 45 1 51 33 1 19 28 6 1 1 0 3 0 53 1 49 19 10 2 6 0 10 2 49 0 1 29 20 9 10 100 88 0 1 40 14 1 0 1 25 41 0 30 8 49 38 52 0 0 9 2 3 0 0 35 3 0 0 8 0 0 0 0 3 4 0 0 4]
  - Encrypted Readings (921 values): [31 20 50 0 0 4 6 0 46 14 1 2 0 1 0 17 11 3 5 0 1 0 38 1 0 1 0 0 1 0 1 5 0 1 0 29 0 5 2 84 6 4 1 9 0 1 10 1 10 91 2 1 52 0 1 1 19 0 0 1 6 5 1 0 18 1 0 3 6 15 4 0 0 3 1 20 0 24 0 0 0 33 30 1 0 1 41 1 3 6 2 0 1 9 7 0 5 3 36 145 1 0 19 11 0 3 0 0 59 1 1 23 1 0 5 0 1 12 32 48 0 28 5 1 47 5 6 0 71 8 1 1 18 1 33 9 0 0 3 0 3 3 1 4 25 3 23 17 1 1 16 0 1 25 1 13 0 1 10 17 0 0 1 1 5 0 1 1 1 0 1 2 0 18 28 31 0 1 0 0 5 42 4 1 0 1 7 1 10 6 0 52 0 0 0 2 0 0 0 29 23 0 4 45 0 3 0 41 0 0 1 1 0 0 1 56 16 2 19 3 1 0 3 19 1 1 8 0 26 0 1 22 1 6 12 0 4 0 17 2 8 18 7 0 1 10 1 0 0 51 0 1 0 1 1 92 1 1 35 2 95 4 0 1 1 12 2 4 8 0 0 0 0 0 14 0 0 23 3 9 7 1 0 8 0 1 3 1 7 1 14 2 1 10 7 89 52 0 2 26 4 10 0 5 0 11 20 0 0 0 1 0 46 1 1 8 28 8 1 25 0 0 3 5 4 6 1 1 0 4 1 14 0 56 57 8 0 0 3 1 5 3 3 3 0 3 16 24 0 6 1 6 2 0 1 3 3 1 147 0 2 3 1 2 0 1 0 0 0 0 1 0 20 3 16 3 0 1 0 2 0 41 44 0 0 8 16 0 0 25 97 0 1 42 1 14 4 1 63 30 28 0 0 32 0 2 62 1 1 1 2 8 0 1 0 22 0 1 1 0 0 1 1 6 0 8 2 1 0 2 31 1 0 1 1 3 0 2 22 2 4 0 0 1 5 4 0 43 1 6 0 2 1 1 1 15 7 3 1 2 95 1 1 60 1 8 9 0 19 0 4 17 6 8 15 6 52 4 45 0 1 0 3 41 16 1 5 80 0 28 21 35 4 0 0 2 1 0 40 1 0 1 0 1 0 23 49 3 4 2 0 0 13 44 0 1 5 0 1 1 83 3 0 9 2 285 12 1 2 0 1 1 0 0 0 3 0 0 62 0 1 0 18 6 8 2 48 3 1 0 8 21 0 23 0 0 4 1 2 1 18 7 2 5 1 1 0 0 0 1 0 5 0 1 0 30 25 1 43 0 1 0 0 0 56 15 0 0 1 357 0 1 1 15 10 7 1 2 1 0 11 98 5 1 3 4 16 1 1 0 1 6 2 22 41 2 4 0 3 0 1 42 0 19 3 82 1 20 8 0 6 61 0 0 0 6 26 0 1 0 8 6 0 1 16 3 0 1 0 0 19 1 1 1 1 0 8 45 37 0 46 1 0 3 0 0 51 0 0 22 0 3 8 22 66 4 0 0 1 11 11 10 0 1 1 0 1 0 60 0 1 1 1 1 7 15 14 36 0 98 35 0 41 5 35 1 3 0 1 0 0 0 10 1 32 0 5 0 16 50 1 1 19 0 0 1 38 1 29 1 63 3 36 1 27 16 7 47 3 17 0 26 24 0 42 3 22 0 39 1 0 32 0 1 0 3 1 1 0 0 28 15 36 0 0 0 0 3 3 0 1 0 3 3 1 20 2 1 0 1 4 3 0 8 45 11 0 3 0 0 0 0 0 34 18 22 5 3 3 1 46 0 0 1 0 0 3 0 64 28 0 0 20 0 0 0 4 0 20 0 73 44 0 5 0 1 18 0 1 1 0 22 0 36 20 11 1 4 20 0 0 0 12 1 0 23 0 0 0 1 0 0 28 14 18 1 0 0 2 14 1 3 17 11 0 0 39 6 7 43 0 0 0 3 19 55 0 10 1 0 13 18 1 4 15 0 6 17 5 28 0 25 0 0 3 0 1 3 0 34 3 1 4 0 1 34 0 8 11 7 29 1 0 7 0 15 293 0 1 19 53]

[Section 8]
  - Unencrypted Readings (103 values): [0 1 0 19 0 0 3 59 1 0 7 17 3 0 0 1 0 11 5 16 34 0 1 0 28 0 12 9 5 13 5 38 6 4 17 1 3 0 0 99 36 1 0 28 0 17 1 3 0 0 1 1 19 74 0 1 38 0 0 10 0 1 1 0 18 0 0 1 1 0 65 11 0 0 6 1 43 22 1 1 6 6 3 1 1 1 13 3 1 6 0 0 1 0 24 34 5 3 3 2 2 47 49]
  - Encrypted Readings (921 values): [0 0 1 4 27 3 99 1 4 2 0 51 9 1 0 20 1 0 0 1 1 3 1 2 0 0 12 0 21 7 0 19 2 7 0 0 0 0 27 0 1 2 26 3 1 3 8 5 0 1 0 1 0 39 4 2 87 54 3 7 0 0 0 19 6 0 62 0 0 6 3 19 8 3 1 17 0 0 31 0 3 1 9 0 24 1 9 3 0 2 5 64 0 10 0 0 0 10 0 3 0 24 1 1 1 68 2 0 45 12 12 3 8 1 11 2 0 33 9 136 0 69 50 48 3 7 1 0 0 4 29 24 0 39 1 52 0 81 1 2 1 50 0 0 8 26 6 4 1 0 72 1 1 14 0 1 1 18 3 0 1 51 1 5 0 4 2 0 0 1 10 2 1 83 2 4 3 0 29 5 2 0 21 1 90 7 0 3 1 0 10 0 30 1 55 1 0 4 2 15 1 0 1 40 1 0 3 0 2 2 51 13 1 0 16 5 28 3 1 0 7 82 20 2 22 10 0 2 2 4 4 1 5 4 62 15 0 15 0 0 0 1 1 0 35 1 44 46 0 4 8 1 1 36 3 6 13 13 2 1 95 0 8 0 0 1 0 1 33 0 1 25 10 0 5 0 0 0 2 0 1 1 6 2 0 1 0 0 2 0 27 17 23 0 2 1 1 3 0 0 1 1 0 7 13 3 1 11 1 32 2 17 0 15 1 1 0 1 0 1 3 1 2 0 5 7 1 16 3 4 4 0 8 26 4 1 1 9 1 42 25 0 14 3 115 2 1 2 1 5 1 0 1 0 28 0 14 7 39 22 52 24 15 10 0 0 0 73 1 0 44 6 0 6 1 20 30 1 0 61 1 1 5 0 26 3 1 6 19 3 54 4 0 0 5 1 42 0 6 1 4 20 48 33 0 1 1 3 0 3 0 1 1 0 0 80 2 1 1 3 2 4 0 9 3 32 26 1 1 36 4 1 0 5 1 4 0 3 3 1 1 5 3 7 1 23 25 3 0 1 1 1 0 1 2 1 10 41 10 0 1 1 0 2 27 7 0 0 3 0 16 1 0 1 0 1 0 1 0 0 49 1 1 3 0 4 0 1 4 3 2 1 19 57 1 1 0 14 1 1 4 61 11 36 37 5 10 1 11 1 1 34 3 3 15 1 2 0 3 0 2 18 3 1 1 1 50 3 0 1 1 0 17 1 14 4 44 2 9 66 14 1 1 27 8 0 0 16 0 5 1 1 24 0 6 1 23 7 1 4 0 104 40 5 0 1 0 0 22 13 9 0 18 1 0 2 4 0 0 6 0 0 99 0 0 0 0 3 0 59 36 1 3 3 4 1 11 22 3 17 3 3 6 7 1 0 0 3 11 5 61 3 0 1 6 0 2 0 1 0 16 2 1 3 3 0 0 9 49 2 48 40 0 10 17 43 0 1 7 0 0 0 19 36 1 35 4 0 22 0 13 1 0 0 3 6 0 7 1 1 0 0 3 70 16 0 21 1 1 1 34 1 3 0 17 4 0 39 2 1 9 0 1 38 22 0 3 1 5 0 2 0 1 24 0 0 0 0 1 9 65 1 0 2 3 5 9 10 2 1 0 2 14 72 0 2 31 0 3 4 35 2 5 0 1 0 27 19 1 0 14 0 11 0 6 12 8 7 55 17 3 0 51 4 3 1 1 2 1 1 0 1 6 1 0 0 8 9 5 97 1 1 1 16 3 13 2 2 0 3 26 4 77 52 3 0 1 7 51 0 1 8 1 3 74 13 3 4 0 17 4 17 24 4 7 4 15 0 3 7 15 8 0 14 0 6 1 2 1 0 0 49 20 0 0 1 1 0 1 6 1 4 3 0 10 3 0 1 7 1 1 8 1 5 1 2 5 3 1 71 4 39 1 1 0 2 1 0 19 0 0 80 64 6 9 25 12 1 33 1 6 0 0 5 3 2 3 0 0 0 1 0 48 2 1 3 26 0 1 42 1 18 0 51 0 0 3 2 23 32 0 0 1 1 7 0 61 35 17 16 0 4 25 0 0 1 4 0 45 3 0 18 41 10 13 6 0 46 2 1 0]

[Section 9]
  - Unencrypted Readings (103 values): [12 82 59 1 1 6 1 4 14 2 1 26 1 9 0 0 0 1 0 8 40 1 55 0 1 16 5 0 0 3 1 0 0 1 4 0 0 19 2 1 0 0 1 2 16 4 1 1 0 0 19 19 9 0 23 0 1 45 10 11 1 0 0 0 83 1 0 1 34 0 0 1 0 0 0 0 18 1 8 5 24 2 0 0 1 30 45 87 0 1 9 3 4 0 20 1 0 7 0 0 2 0 0]
  - Encrypted Readings (921 values): [0 1 13 0 1 23 32 3 10 5 1 11 32 0 29 0 1 27 46 1 5 93 1 11 1 0 0 1 41 0 41 37 17 1 0 1 9 0 3 0 9 0 8 3 0 8 0 0 12 1 0 2 9 0 46 3 22 0 0 0 34 48 11 2 39 22 64 41 14 4 1 1 0 0 1 0 5 1 0 3 22 43 21 0 45 3 0 1 20 196 26 89 0 54 3 10 0 32 0 5 0 0 0 0 0 0 19 8 1 0 0 5 2 1 1 1 3 0 5 2 2 2 8 0 24 40 1 41 1 0 0 41 3 5 42 2 4 4 0 0 0 0 7 0 26 0 1 0 32 0 0 0 15 10 1 12 1 1 0 0 159 29 7 21 14 0 0 5 0 1 6 4 1 1 7 18 0 1 0 0 1 36 5 1 0 0 7 17 1 1 0 0 0 2 1 1 7 0 0 2 0 1 0 0 1 0 56 0 47 27 1 0 8 39 0 11 1 0 0 8 1 2 41 1 0 78 1 5 59 10 23 0 1 62 1 0 1 0 5 11 0 70 0 145 1 27 10 1 0 13 0 0 1 17 4 1 1 5 6 1 31 1 0 0 4 1 0 0 63 57 1 0 45 3 1 48 0 0 4 44 34 12 5 10 4 1 2 0 1 1 1 0 1 6 38 9 107 2 12 1 0 7 0 0 0 1 0 0 10 40 1 12 2 1 49 5 0 5 11 1 1 1 0 1 23 7 10 5 0 1 0 0 7 39 12 4 4 2 6 1 0 41 1 2 0 52 2 1 101 3 3 0 0 1 1 2 1 0 74 24 1 1 20 0 1 27 1 45 6 61 0 3 1 0 0 2 13 7 0 77 3 0 1 17 43 12 21 2 2 0 1 0 6 0 129 0 0 3 1 1 2 43 49 9 14 3 0 0 0 1 39 1 1 36 1 29 13 9 88 5 17 3 0 1 11 0 1 3 1 47 0 1 60 26 0 2 0 0 3 2 0 0 11 1 3 5 1 6 14 3 0 1 0 2 0 1 1 0 45 25 0 39 3 3 1 0 0 14 7 0 1 3 16 11 9 0 1 1 0 3 22 6 1 0 1 0 0 14 1 1 30 4 1 0 11 11 18 1 0 11 0 33 1 3 5 4 0 10 0 1 37 1 0 0 85 48 0 1 1 2 0 37 7 1 12 0 6 0 92 14 2 1 10 1 0 1 1 1 0 32 2 1 1 5 2 1 0 19 0 0 0 5 24 23 15 1 1 1 2 86 0 0 18 0 117 1 0 47 1 0 1 54 5 35 1 4 1 1 3 0 0 7 0 38 8 1 0 3 6 1 3 0 0 0 5 2 1 252 0 61 5 9 50 12 30 0 1 0 1 1 4 1 23 9 119 39 4 3 6 13 2 1 1 1 9 0 5 0 0 4 146 6 1 61 0 0 8 44 40 0 0 0 0 40 2 0 10 0 6 1 8 1 4 1 81 0 1 47 0 1 3 3 0 34 0 0 3 0 1 0 0 5 1 18 2 2 1 1 39 0 0 0 1 7 5 0 22 52 0 1 18 6 17 3 2 10 6 0 54 87 53 1 2 59 9 1 19 2 4 0 17 39 3 101 0 9 2 10 0 0 0 0 0 11 1 1 5 9 0 0 0 2 0 2 0 1 1 3 2 1 25 0 14 1 0 0 1 33 88 11 1 4 1 4 2 7 1 15 0 0 53 0 0 1 4 1 0 39 27 2 2 4 45 1 2 0 2 68 0 9 1 1 1 0 1 0 26 1 50 1 26 0 56 7 0 0 18 1 9 0 10 0 8 0 0 38 47 2 1 22 5 0 1 30 0 38 16 0 2 0 1 0 0 1 53 0 0 0 1 0 0 2 0 14 58 17 1 1 16 2 74 1 2 0 0 34 0 2 1 0 2 1 27 2 0 1 12 1 3 0 0 0 3 9 10 0 32 0 6 8 1 0 9 4 1 11 1 0 60 1 0 2 40 45 34 1 0 1 0 0 14 1 1 1 5 4 39 2 37 32 0 10 1 10 1 43 6 0 0 12 14 1 38 0 2 1 1 0 24 1 1]

[Section 10]
  - Unencrypted Readings (103 values): [0 1 0 0 22 156 45 10 0 0 45 2 1 0 2 0 19 0 0 2 2 1 0 0 0 93 0 0 3 0 1 1 8 6 2 29 2 0 0 26 1 2 0 52 27 4 0 0 1 0 17 1 49 2 1 96 5 2 12 14 0 9 41 0 0 0 55 0 0 5 2 10 54 9 1 1 3 0 1 0 7 0 3 7 37 0 5 1 0 6 0 48 0 1 71 0 1 13 0 1 42 16 0]
  - Encrypted Readings (921 values): [0 13 33 6 1 0 3 7 1 0 3 0 0 5 1 3 1 1 0 14 3 6 0 4 4 10 1 50 1 0 0 0 0 0 0 1 5 2 0 7 1 0 1 61 7 1 0 18 0 3 0 15 4 134 1 31 1 1 38 0 0 0 45 8 0 76 1 0 11 0 0 0 1 39 15 20 0 5 0 3 0 49 11 1 31 0 2 16 1 96 0 1 10 2 0 0 0 2 1 4 2 0 65 0 1 0 17 6 1 0 0 0 69 5 108 18 5 0 6 0 13 0 10 16 1 0 1 1 1 43 1 1 0 1 81 6 36 36 0 0 27 7 0 2 3 0 0 10 0 0 3 0 0 4 4 35 29 1 0 1 40 41 0 14 0 38 0 1 1 1 0 0 1 58 10 5 24 2 0 3 1 7 1 18 10 1 7 3 23 1 1 1 0 1 6 40 48 1 0 0 1 0 36 1 0 1 0 1 0 1 1 1 13 24 3 5 1 1 0 0 45 3 1 1 0 0 3 0 19 0 1 3 0 0 4 0 0 0 82 0 0 0 1 0 1 3 0 2 41 0 18 1 11 4 23 0 0 19 1 37 0 71 8 1 1 1 1 0 51 1 0 1 1 1 0 1 3 3 1 84 11 26 6 11 1 0 0 6 3 8 0 53 10 9 2 1 0 0 40 1 0 1 5 23 9 0 41 6 0 0 1 59 0 0 1 0 1 1 4 5 1 76 0 3 14 38 1 0 8 0 1 1 21 11 0 2 21 21 1 2 0 11 5 12 4 0 35 16 0 3 2 5 1 2 0 2 32 31 45 6 7 7 0 1 0 20 7 1 1 0 1 3 43 1 102 15 41 23 3 1 0 4 47 0 49 15 74 0 35 1 20 3 1 1 1 0 0 0 0 0 0 0 4 0 1 2 2 1 2 0 5 13 1 0 1 38 4 4 0 37 7 100 1 0 0 0 0 0 1 1 59 1 1 1 4 2 8 1 0 3 5 0 0 28 0 0 60 6 0 1 1 0 11 36 1 3 0 1 3 1 23 1 66 4 1 0 4 17 7 1 0 0 33 6 0 1 1 0 6 1 1 1 9 0 1 1 0 0 10 1 28 1 0 0 0 1 1 9 0 0 0 0 28 10 1 0 9 15 1 0 24 0 2 1 13 61 0 8 4 8 16 6 1 0 1 1 0 34 1 0 3 1 0 0 42 15 25 0 62 10 5 10 0 0 0 1 1 1 0 0 0 0 1 6 5 0 1 3 17 15 6 0 0 0 0 48 0 0 24 0 0 1 0 52 0 0 33 6 4 1 39 17 6 15 1 0 1 0 11 0 9 5 87 0 0 2 1 0 55 24 1 1 1 7 0 12 0 1 1 2 1 12 0 0 1 1 9 0 2 8 46 1 3 0 8 4 3 37 1 1 27 1 1 6 15 1 0 1 0 37 0 1 1 0 0 0 0 41 64 0 0 0 0 35 0 21 1 2 1 16 27 21 0 0 39 4 10 1 11 22 1 4 14 0 2 0 16 1 0 17 1 1 39 0 1 2 0 17 17 11 10 0 12 9 3 37 1 23 8 10 18 38 0 42 1 0 0 1 14 0 0 9 0 1 6 1 0 21 4 5 54 0 5 33 8 1 2 7 1 0 3 1 4 0 4 1 0 3 4 0 4 0 0 0 0 1 0 11 1 0 1 35 4 0 2 3 9 1 0 1 37 28 70 6 1 5 14 0 1 3 18 1 8 23 1 1 1 4 1 4 5 4 0 51 0 0 12 3 0 5 0 8 0 1 0 78 5 0 0 1 1 0 0 15 1 14 37 0 0 1 0 15 0 4 0 0 3 0 0 35 0 2 0 2 3 0 5 1 10 22 0 57 1 1 1 0 0 7 1 39 1 3 1 6 0 0 1 19 5 0 18 0 1 1 5 10 21 40 1 11 3 0 2 7 3 100 1 5 0 36 0 0 0 1 7 7 1 4 15 3 30 16 27 1 31 1 1 0 0 0 0 0 3 0 5 0 1 1 0 0 0 11 0 5 1 1 10 0 2 0 0 8 0 0 1 1 1 11 2 9 0]

